19.35
19.37
19.51
19.54
19.56
19.59
19.61
19.63
19.65
19.67
19.69
19.71
19.73
19.74
19.76
19.78
19.80
19.82
19.84
19.86
19.88
19.90
19.92
19.94
19.96
19.97
19.99
20.01
20.03
20.05
20.07
20.09
20.11
20.13
20.15
20.17
20.19
20.21
20.23
20.25
20.27
20.29
20.31
20.34
20.36
20.37
20.39
20.41
20.43
20.45
20.47
20.49
30.47
30.50
30.52
30.54
30.56
30.59
30.62
30.64
30.66
30.68
30.70
30.72
30.75
30.77
30.79
30.81
30.83
30.86
30.88
30.90
30.92
30.94
30.96
30.99
31.01
31.03
31.05
31.07
31.10
31.12
31.15
31.17
31.19
31.22
31.24
31.26
31.29
31.31
31.33
31.35
32.09
32.11
32.14
32.17
32.19
32.21
32.23
32.26
32.28
32.31
32.33
32.36
32.39
32.41
32.43
32.46
32.48
32.50
32.53
32.55
32.57
32.60
32.62
32.65
32.67
32.69
32.74
32.78
32.82
32.87
32.91
32.95
32.99
33.04
33.09
33.13
33.17
33.22
33.26
33.30
33.33
33.37
33.41
33.45
33.50
33.54
33.59
33.64
40.62
40.65
40.67
40.70
40.72
40.96
40.98
41.01
41.03
41.06
41.08
41.10
41.13
41.16
41.18
41.21
41.23
41.25
41.28
41.30
41.33
41.35
41.38
41.40
41.43
41.45
41.48
41.51
41.53
41.56
41.58
41.61
41.64
41.66
41.69
41.72
41.75
41.78
41.81
41.83
41.86
41.89
41.92
41.94
41.97
42.98
43.01
43.03
43.05
43.08
43.11
43.13
43.15
43.18
43.20
43.23
43.25
43.28
43.30
43.32
43.35
43.38
43.40
43.42
43.45
43.47
43.49
43.52
43.54
43.57
43.59
43.61
43.64
43.67
43.69
43.71
43.74
43.77
43.80
43.83
43.86
43.90
43.93
43.96
43.98
44.01
44.04
44.06
44.08
44.11
44.14
44.16
44.19
44.21
44.24
44.27
44.30
44.32
44.35
44.37
44.40
44.42
44.45
44.47
44.50
44.52
44.55
44.57
44.60
44.62
44.65
44.67
44.70
44.72
44.75
44.78
44.80
44.83
44.86
44.88
45.04
45.06
45.09
45.11
45.13
45.16
45.18
45.20
45.22
45.25
45.27
45.29
45.31
45.33
45.36
45.38
45.40
45.43
45.45
45.47
45.50
45.52
45.54
45.56
45.58
45.61
45.63
45.65
45.67
49.86
49.89
49.91
49.93
49.96
49.98
50.00
50.03
50.05
50.07
50.10
50.12
50.14
50.17
50.19
50.21
50.24
50.26
50.29
50.31
50.33
50.36
50.38
50.40
50.43
50.45
50.48
50.52
50.55
50.58
50.62
50.64
50.66
50.68
50.71
50.73
50.75
50.78
50.80
50.83
50.85
51.28
51.30
51.32
51.34
51.36
51.38
51.41
