0.00
0.02
0.15
0.22
0.24
0.25
0.27
0.29
0.30
0.32
0.34
0.35
0.37
0.39
0.40
0.42
0.44
0.45
0.47
0.48
0.50
0.52
0.53
0.55
0.57
0.58
0.60
0.62
0.63
0.65
0.67
0.68
0.70
0.72
0.73
0.75
0.77
0.78
0.80
0.82
0.83
0.85
0.87
0.88
0.90
0.92
0.93
0.95
0.97
0.98
1.00
1.02
1.03
1.05
1.06
1.08
1.10
1.11
1.13
1.15
1.16
1.18
1.20
1.21
1.23
1.25
1.26
1.28
1.30
1.31
1.33
1.35
1.36
1.38
1.40
1.41
1.43
1.45
1.46
1.48
1.50
1.51
1.53
1.55
1.56
1.58
1.59
1.61
1.63
1.64
1.66
1.68
1.69
1.71
1.73
1.74
1.76
1.78
1.79
1.81
1.83
1.84
1.86
1.88
1.89
1.91
1.93
1.94
1.96
1.98
1.99
2.01
2.03
2.04
2.06
2.08
2.09
2.11
2.13
2.14
2.16
2.18
2.19
2.21
2.23
2.24
2.26
2.28
2.29
2.31
2.32
2.34
2.36
2.37
2.39
2.41
2.42
2.44
2.46
2.47
2.49
2.51
2.52
2.54
2.56
2.57
2.59
2.61
2.62
2.64
2.66
2.67
2.69
2.71
2.72
2.74
2.76
2.77
2.79
2.81
2.82
2.84
2.85
2.87
2.89
2.90
2.92
2.94
2.95
2.97
2.99
3.00
3.02
3.04
3.05
3.07
3.09
3.10
3.12
3.14
3.15
3.17
3.19
3.20
3.22
3.24
3.25
3.27
3.29
3.30
3.32
3.34
3.35
3.37
