28.399
29.259
28.8467
28.8704
28.8704
28.8704
28.8704
29.2357
28.8839
29.5351
29.5351
29.5351
29.5351
29.5351
29.5351
28.4803
28.0522
28.1211
28.0852
28.0852
28.6703
28.8335
29.3253
29.5032
29.4298
29.4298
30.0532
29.9175
29.9175
30.1962
30.2314
30.1801
30.1801
31.0599
31.2269
31.4908
31.0149
31.3377
31.3377
31.5664
31.6804
31.5761
32.1687
32.1816
31.8533
31.8533
30.8306
29.8709
28.9819
27.8683
27.8683
26.282
25.4803
25.4803
24.6947
24.2892
24.0522
23.9845
23.9845
23.4182
23.4692
23.2481
22.6693
22.7412
22.4744
22.4744
22.4756
22.4004
22.6031
22.4074
21.9699
22.54
22.3361
22.7396
22.7396
22.3441
22.9177
22.9177
22.4528
23.3785
23.2892
23.4812
23.3679
23.3679
23.9515
23.789
23.9571
24.2255
24.4295
25.0414
25.0414
25.4051
25.5989
25.8824
25.8824
26.2191
26.4448
27.1767
27.1767
27.7251
27.7251
28.6246
28.8028
29.3482
28.797
29.0882
29.0882
28.9235
29.014
28.9836
28.7238
28.7238
28.9346
28.8993
29.2559
29.2599
29.1608
29.1608
28.4037
27.3177
26.7151
25.6865
24.2588
23.58
23.58
23.4034
23.0974
22.6287
22.482
22.482
22.1771
21.9573
21.6017
21.4623
21.4623
21.7213
21.691
21.691
21.4835
21.4835
21.1838
21.1838
21.1838
21.1838
21.1838
21.1838
21.1838
21.1838
21.1838
21.5442
21.5442
21.5442
21.5442
21.5442
21.5442
21.5442
21.5442
21.5442
21.5442
21.5442
21.5442
21.5442
21.5442
21.5442
21.5442
21.5442
21.5442
24.2962
23.069
23.069
23.069
23.069
23.069
23.069
21.9222
22.2088
22.2455
22.1647
22.1647
21.5912
21.5912
21.5912
21.5912
21.5912
21.5912
21.5912
21.3114
21.3114
21.3114
21.279
21.4358
21.4358
21.4358
21.4358
21.4358
21.4358
21.4358
21.6002
22.0104
21.8376
21.8488
22.4646
22.556
22.9054
22.9054
23.2105
23.7179
24.5689
24.5689
24.9968
25.0917
25.6259
26.2554
26.7837
26.7837
26.6615
27.4192
27.7906
27.4922
27.5929
27.6821
28.0386
28.0581
28.637
28.3133
28.5644
28.5644
28.4061
28.5382
29.1077
28.9009
28.9009
29.3651
29.0405
28.3181
26.9958
25.9773
24.919
23.9651
23.9651
23.1873
23.0694
22.4293
21.7937
21.4867
21.5487
21.3216
20.9774
21.0459
20.6825
20.9132
20.8836
20.8876
21.07
21.07
20.7209
20.7209
21.0834
20.7883
21.1357
20.7429
20.9935
21.466
21.0124
21.0124
21.3285
21.4602
21.1655
21.3627
21.4507
21.1823
21.2194
21.2194
21.4231
21.2018
21.1425
21.4818
21.5687
21.4839
22.5206
22.5206
22.5206
22.5206
22.5206
22.5206
22.5206
24.5579
22.5218
22.8197
23.331
23.3375
23.8994
24.0734
24.8776
25.6021
25.6021
25.9327
26.523
27.1235
27.283
27.5998
28.0509
27.9025
27.906
28.2505
28.8944
28.1822
27.387
27.1659
27.8113
25.6969
26.6797
26.3188
26.3393
26.3393
26.3645
26.3063
25.8248
26.7227
26.3946
26.1197
26.3837
26.3837
26.2102
26.5443
26.768
26.768
26.9333
27.0419
27.0419
27.2036
27.4832
27.189
