31.1624
31.1865
31.1865
31.0227
31.0227
31.0227
31.2566
31.2566
31.2566
31.1133
31.1133
31.1133
31.1592
31.1592
31.1906
31.1906
31.1906
31.2872
31.2872
31.2872
31.2872
31.0937
31.0937
31.0937
31.1478
31.1478
31.0985
31.0985
31.0985
30.9982
30.9982
30.9982
31.1679
31.1679
31.2388
31.2388
31.2388
31.5167
31.5167
31.4447
31.4447
31.4753
31.4753
31.4753
31.4577
31.4577
31.7664
31.7664
31.7664
31.7664
31.725
31.725
31.7637
31.7637
31.7637
32.0713
32.0713
32.0568
32.0568
32.0568
32.0568
32.1578
32.1578
32.0893
32.0893
32.0893
30.7936
30.7936
30.7936
30.7936
30.7936
30.7936
30.7936
30.7936
30.7936
30.7936
30.7936
30.7936
30.7936
25.4813
30.5707
30.5707
30.5707
31.1482
31.1482
31.1482
31.1482
32.2964
32.2964
32.506
32.506
32.506
32.506
33.1742
33.1742
33.1742
32.9764
32.9764
32.6743
32.6743
33.0196
33.0196
33.0196
33.0196
33.0196
33.0352
33.0352
33.6282
33.6282
33.6282
33.5253
33.5609
33.5609
33.5609
33.4921
33.4921
33.4921
34.1003
34.1003
34.1003
34.1003
33.7775
33.7775
33.4497
33.608
33.7665
33.7665
33.6331
33.6331
33.6331
33.8278
33.8278
33.8325
33.8325
33.8081
33.8081
33.6298
33.867
33.867
33.867
33.6015
33.5846
33.5846
33.5393
33.5393
33.5393
33.5393
33.5275
33.8654
33.8654
33.8654
33.4662
33.4427
33.4427
33.4427
33.5377
33.5377
33.3197
33.3197
33.3197
33.3197
33.2179
33.528
33.528
33.528
33.6393
33.6393
33.5444
33.5444
33.5444
33.8405
33.8405
33.8405
33.5041
33.5041
33.3034
33.3034
33.5268
33.5268
33.635
33.635
33.635
33.6489
33.6489
33.6489
33.8848
33.8848
33.8118
33.8118
33.8396
33.8396
33.7048
33.7048
33.7048
33.8455
33.8455
33.8455
33.676
33.676
33.6413
33.6413
33.4808
33.4808
33.7997
33.7997
33.7997
34.1578
34.1578
33.7974
33.7974
33.7974
33.1198
33.1198
27.5151
27.5151
27.5151
27.5151
27.5151
27.5151
27.5151
27.5151
27.5151
27.5151
27.5151
27.5151
26.1812
26.1812
26.1812
29.6879
29.6879
32.435
32.435
32.435
33.9465
33.9465
34.3556
34.3556
34.483
34.483
34.483
34.8173
34.8173
35.2565
35.2565
35.2565
34.6562
34.6562
35.278
35.278
35.1511
35.1511
35.1511
35.0561
35.0561
35.0561
35.0286
35.0286
33.9662
33.9662
34.2762
34.2762
34.3509
34.3509
34.2704
34.2704
34.2673
34.2673
34.6021
34.6021
34.3933
34.3933
34.7359
34.7359
34.1939
34.1939
34.6359
34.6359
34.5303
34.5303
34.5303
33.9387
33.9387
33.9723
33.9723
34.1772
34.1772
34.1772
34.1772
34.0359
34.0359
34.0359
33.7045
33.7045
34.4091
34.4091
33.8317
33.8317
33.9804
33.9804
33.9804
34.1752
34.1752
34.1752
34.118
34.118
34.0783
33.9827
33.9827
34.3725
34.3725
33.8983
34.3732
34.3732
34.3732
34.2617
34.2617
34.2617
34.2826
34.2826
34.267
34.267
34.5137
34.5137
34.5137
34.599
34.7205
34.7205
34.9232
34.9232
34.9232
34.4612
34.4612
34.6975
34.6975
34.6975
34.6975
34.6574
34.6574
34.5978
34.8682
34.8682
34.5538
34.5538
34.6006
34.6006
34.718
34.718
34.7598
34.7598
34.7598
34.7598
34.7585
34.786
34.786
34.592
34.592
34.592
34.8678
35.4635
35.4635
35.4635
35.2946
35.2946
34.8719
34.8719
34.7092
34.7092
35.1856
35.1856
35.1856
35.1856
35.062
35.062
34.9529
34.9529
34.9745
34.9745
35.0527
35.0527
35.0545
35.0545
35.1606
35.1606
35.1606
35.088
35.088
34.7801
35.07
35.07
35.07
34.9367
34.9367
34.9621
34.9621
34.9621
35.5431
35.5431
34.8896
34.8896
35.0475
35.0475
35.3791
35.3791
35.3791
35.4222
35.2449
35.2449
35.1445
35.4687
35.4687
35.4687
35.1736
35.1736
34.6519
34.6519
35.1959
35.1959
35.1127
35.1127
35.1127
35.1218
35.1218
35.731
35.731
35.1501
35.1501
35.2979
35.2979
35.0891
35.0891
35.4392
35.4392
35.2206
35.2206
35.2206
35.4823
35.4823
35.1042
35.1042
35.2458
35.3052
35.3052
35.6072
35.6072
35.5595
35.5595
35.5595
35.5595
34.9635
34.9635
35.0362
34.8725
34.8725
34.9642
34.9642
35.7013
35.7013
35.1924
35.1924
35.5049
35.5049
35.5418
35.5418
35.4711
35.4711
35.4711
35.4711
35.6756
35.6756
35.5967
35.5967
35.9022
35.9022
35.7153
35.7153
35.8343
35.8343
35.5485
35.5485
35.5485
33.3584
33.3584
33.8851
33.8851
33.857
33.857
34.0249
34.0249
33.7584
33.7584
33.9628
33.9628
34.6685
34.6685
34.4516
34.4516
33.6112
33.6112
33.6112
34.062
34.062
34.3936
34.3936
34.5293
34.5293
34.5363
34.5363
34.6358
34.6358
34.2226
34.2226
34.2226
34.2226
34.2367
34.2367
33.6956
33.6956
34.7142
34.7142
34.8807
35.9025
35.9025
36.0809
36.0809
36.0809
36.0809
35.7437
35.7975
35.7975
36.1307
36.1307
35.8843
35.8843
36.0391
35.7725
35.7725
35.886
35.886
35.5382
34.7948
34.7948
34.7948
34.7948
34.6858
35.0587
35.0587
35.0323
35.0323
34.5834
34.5834
35.076
35.076
35.076
35.1429
35.1429
34.646
34.7141
34.7141
35.6324
34.8655
34.8655
34.8204
34.8204
34.8204
34.8187
33.9835
33.9835
35.1883
35.1883
35.1883
35.1883
34.8998
35.6965
35.6965
35.626
35.626
35.6598
35.6598
35.7303
35.7303
35.5271
35.5271
35.2877
35.2877
35.2877
35.2618
35.2618
33.8661
33.8661
33.8661
33.8661
33.8661
33.8661
28.1175
28.1175
31.1318
31.1318
35.5952
35.5952
36.4513
36.4513
36.4513
36.7841
36.7841
36.7853
36.7853
37.5643
37.5643
37.7288
37.7288
37.7288
37.2824
37.2824
37.2824
37.2824
37.2824
37.2824
37.2824
37.2824
37.2824
37.2824
37.2824
37.2824
37.2824
35.231
35.231
36.9081
36.9081
37.9539
37.9539
37.9539
38.8893
38.8893
38.8115
38.8115
38.0305
38.0305
38.0305
38.2035
38.2035
38.3471
38.3471
35.6253
35.6253
35.9572
35.9572
35.2421
35.2421
35.3208
35.3208
35.3208
35.3208
35.7901
35.9297
35.9297
35.6001
35.6001
35.5712
35.5082
35.5082
35.3244
35.3244
35.3244
35.3244
35.4608
35.4441
35.4441
35.5524
35.5524
35.5524
35.7144
35.7144
35.7144
35.6573
35.2912
35.2912
35.6638
35.6638
35.9405
35.9405
35.4095
35.4095
35.4095
35.5202
35.5202
35.5202
35.7552
35.7552
35.4564
35.4564
35.3363
35.3363
35.6605
35.6605
35.7019
35.7019
35.7019
35.6249
35.4952
35.4952
35.2841
35.707
35.707
35.8694
35.8694
35.8694
35.6242
35.6242
35.1478
35.1478
35.713
35.713
35.7119
35.7119
35.7119
35.7119
36.2315
35.6221
35.6221
36.1254
36.1254
35.5637
35.5637
36.574
36.574
35.8224
35.8224
35.8224
35.8224
35.2889
35.2889
36.0788
35.9471
35.9471
35.9471
35.9025
35.9025
35.5864
35.6118
35.6118
35.6118
36.3767
36.3767
36.3767
36.0038
36.0038
36.1513
36.1513
35.4158
35.4158
36.1384
36.1384
36.4088
36.4088
35.6348
35.6348
36.061
36.061
35.9015
35.9015
35.7422
35.7422
35.4904
35.4904
35.4904
35.7168
35.7168
35.7168
36.0568
36.0568
35.8684
35.8684
36.1539
36.1539
35.2281
35.2281
35.9592
35.9592
35.9592
36.2386
36.2386
36.0364
36.0364
36.0925
36.0925
35.6924
35.6924
36.0029
36.3828
36.3828
36.3828
36.4349
36.5609
36.5609
36.2188
36.2188
36.2188
36.4045
36.5262
36.5262
36.3278
36.3278
36.5293
36.5293
36.5293
36.5293
36.6848
36.1728
36.1728
36.0872
36.0872
36.0883
36.0883
36.1334
36.1334
36.1334
36.9476
36.0229
36.0229
36.0617
36.0617
36.4773
36.4773
36.4773
36.6324
36.6324
36.4922
36.4922
37.1552
37.1552
36.2476
36.36
36.36
35.7255
35.7255
35.7255
35.476
35.476
35.1327
35.1882
35.1882
35.1882
34.8605
34.8605
35.2237
35.2237
35.859
35.859
35.0555
35.0555
35.2333
35.2333
35.5408
35.5408
35.5408
35.269
35.5324
35.5324
35.6484
35.6484
35.8201
35.8201
35.6258
35.6258
35.4142
35.4142
35.3869
35.3869
35.3869
35.6868
35.4676
35.4676
36.2782
36.2782
36.2782
37.3132
36.2858
36.2858
36.2858
36.8062
36.5364
36.5364
36.5991
36.5991
36.7774
36.7774
36.7774
36.965
36.965
36.6649
37.0161
37.0161
36.9688
36.9688
36.4064
36.0689
36.0689
36.0689
36.0689
36.2429
35.4969
35.4969
35.2985
35.2985
35.3987
35.3987
35.7285
35.7285
35.4217
35.4217
35.5798
35.5798
35.6961
35.6961
35.8824
35.8824
35.8824
36.424
35.5183
35.5183
35.9393
35.9393
36.3274
36.3274
36.2088
36.2088
35.9912
35.9912
35.9912
35.2464
35.2464
35.7851
36.2076
36.2076
36.173
36.173
35.1931
35.1931
35.418
35.418
36.0578
36.0578
36.3436
36.3436
35.9488
35.9488
35.9442
35.9442
35.9442
35.6731
35.9959
35.9959
35.7919
35.7919
36.6573
35.9961
35.9961
35.9961
36.0649
36.0649
35.6333
35.6333
35.7334
35.7334
35.9817
35.9817
35.9817
35.9817
35.8674
35.8674
35.6511
35.6511
35.2013
35.2013
35.6703
35.6703
35.9454
35.9454
35.4303
35.4303
35.8681
35.8681
35.8002
35.8002
35.1655
35.5526
35.5526
35.5526
35.2462
35.5569
35.5569
35.5569
35.9374
36.5873
36.5873
36.5873
36.9826
36.8387
36.8387
36.7246
36.7246
36.4627
36.4627
36.4627
36.2293
36.2293
36.7786
36.7786
36.46
36.8961
36.8961
37.3032
37.3032
35.9049
35.9049
35.9049
36.2227
36.6184
36.6184
36.1989
36.1989
36.413
36.413
36.023
36.023
36.2662
36.2662
35.8326
35.8326
35.7088
35.7088
36.0832
36.0832
35.9714
35.9714
36.329
36.329
35.5674
35.5674
36.0549
36.1752
36.1752
36.1752
35.9204
35.9204
36.4664
36.4664
35.5557
35.5557
36.6667
36.2307
36.2307
36.4038
36.4038
36.4038
35.8944
36.1015
36.1015
36.1116
36.1116
35.7513
35.7513
36.0137
36.0137
36.1895
36.1895
36.3924
36.7508
36.7508
36.3411
36.3411
36.4053
36.4053
36.4053
36.1933
36.3089
36.3089
36.4687
36.4687
36.1384
36.1384
35.3755
35.3755
35.3755
36.6306
36.6306
35.9441
35.5872
35.5872
35.2782
35.2782
35.8006
35.8006
36.4775
36.4775
35.9509
35.8855
35.8855
36.5613
36.5613
36.5613
36.0611
36.0611
35.4334
35.4334
36.1577
36.1577
35.8797
37.5239
37.5239
36.9193
36.9193
36.9193
37.9599
37.9599
38.089
37.28
37.28
36.8961
36.8961
37.1499
37.1499
37.8621
37.8621
37.3005
37.3005
37.2561
37.2561
36.4422
36.4422
33.6369
33.6369
33.6369
33.6369
33.6369
33.6369
28.6582
28.6582
28.6582
28.6582
34.937
34.937
35.988
35.988
35.988
36.1298
36.1298
37.1645
35.9309
35.9309
35.5196
35.5196
35.4506
35.8165
35.8165
36.6271
36.6271
36.6271
36.6271
36.4882
36.7133
36.7133
36.1038
36.1038
36.7833
36.7833
37.1983
37.1983
36.4757
36.4757
36.8444
37.1984
37.1984
36.1705
36.1705
36.1705
36.7769
36.7769
36.623
36.623
36.1501
36.1501
36.6513
36.6513
36.9686
36.5195
36.5195
36.5195
36.5677
36.5677
36.8742
36.8742
36.3121
36.3121
36.4797
36.2516
36.2516
36.5192
36.5192
36.5192
36.4592
36.4592
35.9036
36.2884
36.2884
36.2884
36.5054
36.5054
36.9266
36.9266
36.3728
36.3728
36.4312
36.25
36.25
36.2379
36.2379
36.2379
36.285
36.285
36.8601
36.6035
36.6035
36.8415
36.8415
36.8415
35.846
37.5455
37.5455
37.542
37.4189
37.4189
37.4189
37.4189
37.5005
37.7999
37.7999
37.6795
37.6795
37.3969
37.3969
37.8775
37.8505
37.8505
37.8505
37.9325
37.9325
36.693
36.9306
36.9306
36.5766
36.5766
35.8859
35.8859
36.6565
36.6565
37.0919
37.0919
36.7727
36.3918
36.3918
36.3918
36.4274
36.4274
35.7128
36.6294
36.6294
36.9537
36.9537
36.2531
36.6224
36.6224
36.6224
37.0293
37.0293
36.5308
36.3697
36.3697
36.5761
36.5761
36.5761
36.5761
36.9805
36.9805
37.0543
37.0543
36.1839
37.3818
37.3818
37.0109
37.0109
36.155
36.155
36.0475
36.0475
36.5424
36.5424
36.9126
36.7358
36.7358
36.7358
36.0138
36.0138
36.4639
36.4639
36.4127
36.7054
36.1722
36.1722
37.0599
37.0599
37.0599
36.2096
36.5884
37.0274
37.0274
37.0274
36.285
36.285
36.0422
36.6553
36.6553
36.404
36.404
36.8268
36.8268
36.3512
36.5041
36.5041
35.3457
35.3457
35.3457
35.3457
35.3457
35.3457
35.3457
35.3457
35.3457
35.3457
35.3457
35.3457
35.3457
35.3457
35.3457
35.3457
35.3457
14.8297
34.4031
34.4031
34.6452
34.6452
34.6452
34.6452
35.3614
35.3614
36.1572
36.6204
36.6204
36.6204
37.1706
37.1706
37.0156
37.2082
37.2082
36.9789
36.9789
37.7216
37.1846
37.1846
37.1846
37.4077
36.6283
36.8877
36.5467
36.5467
37.1975
36.9732
36.8229
36.4325
36.4257
36.4257
37.9467
37.9467
37.3247
37.3247
37.4753
37.2224
37.1275
37.1275
37.512
37.6583
37.286
37.286
37.286
37.3825
37.5772
36.469
36.469
36.687
37.1451
37.1451
36.7238
37.1979
37.3171
37.3171
36.4018
36.4018
36.6304
36.6304
36.3706
36.1215
36.1215
36.3451
36.4548
37.0003
37.0003
37.0003
36.5386
36.5386
36.4797
37.1487
37.1487
36.1965
36.1965
36.4002
36.4002
36.4668
36.4668
37.0401
36.3498
36.3498
36.3498
36.3887
36.3887
36.8125
36.8125
36.8125
36.5949
36.5949
36.5949
36.5949
36.26
36.26
37.0336
36.7931
36.6534
36.6534
36.9011
36.9011
36.8131
36.8131
36.7678
36.9761
37.3954
37.3954
36.8511
36.8511
36.7686
37.4123
37.4123
36.735
36.9655
36.9655
36.9105
36.5555
36.5555
36.5555
36.2356
37.4099
37.4099
37.0998
36.9757
36.9757
36.8657
36.1174
36.1174
36.976
36.976
36.9779
36.1327
35.9121
33.28
33.28
33.28
33.28
33.28
33.28
33.28
33.28
33.28
33.28
33.28
26.1951
33.5025
33.5025
37.0141
37.4751
37.4751
37.7168
38.2429
38.2429
38.5227
38.1393
38.1057
38.1057
38.0952
38.0952
38.1906
38.2553
38.2553
36.9481
36.9481
37.1382
37.1382
37.1382
36.9482
36.9482
36.7514
36.7514
37.5313
37.2923
36.6265
36.6265
37.1744
36.77
36.77
36.77
36.9671
36.9037
36.6466
36.6466
36.6643
36.6643
36.0839
36.4093
36.4093
36.7134
37.1054
37.1054
37.0597
37.0597
36.4369
36.2645
36.2645
37.0169
36.8962
36.8962
36.5834
36.7948
36.7948
36.2973
36.2973
36.9697
36.0363
36.0363
35.7437
37.1018
36.4018
36.4018
36.9074
36.9074
36.5661
37.0689
37.0689
36.3872
36.3872
36.9668
36.3558
36.8269
36.8269
36.8301
36.9767
36.9767
36.5353
36.5358
36.5358
36.3649
36.1497
36.1065
36.1065
36.5743
36.5743
36.5743
36.7783
36.6689
36.6689
36.2219
36.2219
36.6559
36.5906
36.5906
36.208
36.273
36.273
36.8434
36.8434
37.0202
37.0202
36.6599
36.7511
37.2186
37.2186
36.6639
36.6639
37.591
37.4651
37.4651
37.2316
37.2316
37.4598
37.8953
37.8953
37.5563
37.5563
37.8953
37.455
38.5207
38.5207
38.0457
37.5965
37.5965
37.8845
37.8845
38.4818
38.4697
38.4697
37.9285
37.9285
38.4256
38.4256
38.4256
37.7551
37.7551
38.3445
37.7224
36.7369
36.7369
36.5479
36.7912
36.4626
36.4626
36.4626
36.9738
36.8658
37.5986
37.5986
37.061
36.5702
37.1419
37.1419
37.7396
37.9061
37.9061
37.9795
37.9795
37.9795
37.5465
37.5465
36.0486
36.0486
36.0486
36.0486
36.0486
36.0486
36.0486
36.0486
36.0486
29.2269
34.9295
34.9295
34.9295
36.1422
36.1422
36.8837
36.8837
37.2203
37.2203
37.3636
37.6107
37.6107
37.7689
37.6457
37.516
37.516
38.071
38.071
37.3735
38.1796
38.1796
37.9561
38.6891
38.3178
38.3178
38.032
38.032
38.5657
38.5882
38.5739
38.5739
37.9556
38.2892
38.2892
37.7153
38.4053
38.4053
37.2835
37.6253
37.6253
37.9908
37.1762
37.2862
37.2862
37.6765
37.401
37.2871
37.2871
37.5154
37.5154
37.7443
37.8082
37.4577
37.4577
37.4872
37.4872
37.4872
38.028
37.5338
37.6577
37.6577
38.0873
38.0873
38.201
37.9368
37.9313
37.9313
38.4613
37.5974
36.7173
36.7173
36.7173
37.1055
37.1368
36.5777
36.5777
36.9349
37.173
37.173
36.6324
36.94
36.94
37.2562
36.9683
38.0604
38.0604
37.8688
38.0146
38.0146
37.8353
37.8353
37.8353
37.6375
37.6375
38.019
38.019
37.8711
38.1554
38.1554
38.4264
38.7907
37.6239
37.6239
38.2286
38.2286
37.9594
37.4973
37.4973
37.4608
38.266
37.3882
37.7388
37.7388
37.7388
36.5909
36.5909
36.8075
36.5038
36.5038
37.4884
36.2808
36.2808
37.3251
36.8436
37.1581
37.1581
37.4345
36.1836
36.1836
36.8383
36.8383
36.7475
36.7475
36.5038
36.5038
36.5136
36.5974
36.5974
36.4369
36.4881
36.4881
37.1389
36.923
37.2708
37.2708
36.0891
36.0891
37.2109
37.0222
37.4192
37.4192
36.8216
36.7444
36.7444
36.7331
37.0399
36.7407
36.7407
38.1519
38.1519
37.929
38.1204
38.2359
38.2359
37.718
37.6761
38.1381
38.1381
38.063
38.063
37.592
37.954
37.5782
37.5782
37.7734
37.6578
37.5613
37.5613
37.434
38.4885
38.4885
37.5996
37.5996
37.3333
38.0169
37.5003
37.5003
37.7741
37.518
37.518
37.518
37.1335
37.3358
38.1236
37.8867
37.8867
37.9209
38.1433
38.1433
38.1433
38.0743
37.8874
37.8154
37.6274
37.6274
37.928
37.3537
37.3537
37.7828
37.8333
37.8333
37.7003
37.4107
37.2971
37.2971
37.7472
37.7472
36.1613
36.6568
36.9589
36.4065
36.4065
36.5955
36.5955
36.8402
36.3453
37.048
37.048
36.1777
37.1718
38.1888
38.1888
37.845
37.4702
37.6507
37.6507
37.2992
38.3827
38.3827
37.7631
38.112
38.112
37.7258
37.7784
37.7784
38.3002
38.6537
38.6537
37.9389
38.0183
37.8174
37.6904
37.6904
37.5161
37.5161
37.6524
38.305
37.9667
37.9667
37.5307
37.5307
37.4138
38.009
37.9524
38.3125
38.3125
38.3125
38.7421
37.8238
37.7322
38.0582
38.0582
38.0527
36.3552
36.3552
37.7578
37.7578
37.0255
36.885
36.885
37.5392
36.9747
37.4126
37.4126
36.8142
36.6678
36.6984
38.0957
38.0957
38.4448
37.9896
37.7614
38.3822
38.3323
38.3323
38.381
38.3322
38.3322
38.1404
38.1404
38.7958
38.3722
37.2534
37.7335
37.7335
38.305
37.8303
37.4142
38.2427
37.8449
37.7917
37.7917
38.2787
38.4535
37.9394
37.9394
38.1795
38.0345
37.7685
38.1201
38.1201
38.3234
37.7976
42.5936
42.5936
43.7121
41.7833
43.7183
43.0923
43.0923
43.0923
43.0923
42.7665
41.7678
37.1973
36.8276
36.8276
37.1411
37.1411
36.8849
36.737
36.4264
36.4264
37.0943
37.0052
37.2768
37.6244
36.4156
36.4156
37.0451
37.0158
37.0158
36.1673
38.2093
37.0856
37.0856
36.8079
37.3872
38.2731
38.2731
37.9908
38.8704
38.0653
38.0653
38.4927
38.2323
38.2323
38.2323
38.2323
37.8647
35.0492
35.0492
35.0492
35.0492
35.0492
35.0492
35.0492
35.0492
35.0492
35.5617
35.5617
37.7686
37.333
37.333
38.3607
38.7484
38.7484
38.7127
38.9207
38.9207
39.0928
38.4508
38.7588
38.7588
38.6363
38.8657
38.8657
39.0051
39.2478
39.0416
38.752
38.5539
38.807
39.4182
39.4182
38.4082
38.4082
38.3403
39.2534
37.3116
37.4542
37.4542
36.7997
36.7997
37.3165
37.589
37.589
37.1849
37.071
37.366
36.8326
36.8326
36.6044
37.139
37.139
37.0079
37.0079
36.2808
36.2808
37.9977
37.9977
37.2626
36.324
37.8889
37.8889
37.1869
36.6078
36.6078
38.4405
38.5074
38.5488
38.5488
38.2497
38.2497
38.9604
38.0277
38.5111
38.5111
38.5117
38.5117
38.5917
38.5402
37.7543
37.7543
37.3457
37.3457
37.294
37.294
37.294
37.294
36.0956
36.8387
36.8387
36.8387
36.5554
36.5554
36.5554
40.2067
40.2067
39.7963
39.4205
39.9693
39.9693
39.6386
39.762
39.3795
39.3795
39.7614
39.7614
39.7266
39.8834
37.395
37.395
37.4685
37.3513
37.3513
36.7675
38.0952
36.4405
36.4405
36.3596
36.3596
37.3315
37.147
36.8881
36.8881
36.8881
37.0139
37.0139
37.5792
37.5792
37.5731
37.0374
37.0322
37.0322
37.4175
37.4175
37.4175
37.0287
37.885
37.6015
37.6015
37.5748
37.5748
37.5748
37.4144
37.3891
37.3891
36.7794
36.6037
36.6037
32.5137
32.5137
32.5137
32.5137
32.5137
32.5137
32.5137
32.6913
32.6913
34.0097
35.6016
34.8952
34.8952
35.802
35.802
35.802
36.4696
36.3895
36.3895
38.0721
37.6753
37.6753
37.8423
37.9816
37.9816
38.7024
38.5185
38.6642
38.6642
37.7038
38.9269
38.9269
38.1271
38.2507
37.8169
37.8169
37.9725
38.5363
38.5363
38.1101
38.1101
38.2052
38.531
38.1809
38.1809
38.5888
38.5888
38.5675
37.0819
36.8477
36.8477
36.8477
36.2444
36.2444
36.2444
36.8601
37.0594
37.0594
37.2083
37.3357
37.3357
36.8755
35.9957
35.9957
37.3849
37.3849
37.5516
36.6479
37.1787
37.1787
36.5448
37.3634
37.3634
36.297
36.2925
36.2925
36.8406
37.0357
37.0357
36.6711
36.393
36.393
36.6146
36.7057
36.7057
36.7057
35.7207
35.7207
35.9972
35.9972
36.9343
36.9343
37.6267
38.3103
38.3103
38.8834
37.4201
37.5251
38.4692
38.4692
37.5624
38.1233
38.4135
38.4135
38.0932
38.0932
36.2685
36.2685
36.6377
36.9317
36.9317
37.6443
36.8637
36.8637
36.8696
36.8696
36.8696
36.8696
36.8696
37.2127
38.4017
38.8007
38.8007
38.4356
38.2655
38.892
39.5492
38.6521
38.7663
39.2197
39.2197
37.4644
37.4644
37.5098
37.4209
38.8094
38.8094
38.8094
38.0822
37.6575
37.9396
37.9396
37.9847
37.9847
37.6936
37.6936
37.2815
37.452
37.4856
37.0282
37.6041
37.2469
37.2469
37.8802
37.8501
37.7107
37.7107
37.3667
37.3667
37.7884
37.8067
38.6616
37.7619
38.3809
38.3809
38.0739
37.3599
37.3599
38.0813
37.8915
38.0136
37.6756
37.6756
38.368
38.368
38.111
38.111
37.5242
37.929
37.929
37.6558
37.8066
37.8066
37.8142
37.7975
38.4495
38.4495
38.0949
38.0949
38.029
37.8784
37.7259
38.1414
37.9492
37.9492
38.0453
38.2194
37.911
37.4123
37.9117
37.9117
37.9988
37.9988
37.9844
37.9844
38.1776
38.0205
38.4066
38.4066
38.0352
36.7842
36.977
36.977
36.977
36.977
36.977
36.977
37.3652
36.3802
36.9631
36.6707
36.6707
37.6174
37.4014
37.7658
37.7658
36.8741
37.2835
37.0284
37.0284
36.8418
36.1517
36.5648
36.5648
36.5648
36.5648
36.5413
37.0783
35.5953
35.5953
37.6485
37.6485
37.3679
36.8072
36.9049
36.9049
37.095
37.7474
37.7474
48.9029
48.9029
43.4971
42.7149
42.5815
42.5815
43.0835
48.2656
48.2656
41.7917
41.7917
49.011
42.4927
38.0255
38.0255
38.6109
37.8488
38.2441
38.7743
38.7743
37.7388
37.9034
37.9034
38.002
38.1418
38.467
39.0611
38.3357
38.137
38.137
37.9149
37.7932
38.0534
38.0534
38.0534
38.0534
38.3062
38.0419
38.4877
38.4877
38.4877
38.4877
38.4877
38.0233
38.0415
38.0415
38.245
38.245
38.1394
38.1462
38.1462
38.0171
38.0171
37.6661
38.1888
38.4816
38.4816
38.7767
38.1584
37.7486
37.7486
38.237
38.237
37.7656
38.5747
38.411
37.6407
37.6407
38.7945
38.2482
38.2482
38.2482
37.8051
37.8051
37.8051
37.8051
38.1349
37.6761
38.0056
38.4469
37.4825
37.4825
37.962
37.962
37.5196
35.966
35.966
35.966
35.966
35.966
35.966
