0.02
0.07
0.09
0.11
0.12
0.13
0.15
0.16
0.17
0.18
0.19
0.20
0.21
0.22
0.23
0.25
0.27
0.28
0.29
0.30
0.32
0.33
0.34
0.35
0.36
0.38
0.39
0.40
0.41
0.42
0.43
0.45
0.46
0.47
0.48
0.49
0.50
0.51
0.53
0.54
0.55
0.56
0.57
0.58
0.60
0.61
0.62
0.63
0.64
0.65
0.66
0.68
0.69
0.70
0.71
0.72
0.73
0.75
0.76
0.77
0.78
0.79
0.81
0.82
0.83
0.84
0.85
0.86
0.87
0.88
0.90
0.91
0.92
0.93
0.94
0.95
0.98
0.99
1.00
1.01
1.02
1.03
1.05
1.06
1.07
1.08
1.09
1.10
1.11
1.12
1.13
1.15
1.16
1.17
1.18
1.19
1.20
1.22
1.23
1.25
1.26
1.27
1.28
1.30
1.31
1.33
1.34
1.36
1.37
1.39
1.40
1.41
1.43
1.44
1.46
1.47
1.49
1.50
1.52
1.54
1.55
1.57
1.58
1.60
1.61
1.63
1.64
1.66
1.67
1.69
1.70
1.72
1.73
1.75
1.77
1.78
1.79
1.81
1.82
1.84
1.85
1.87
1.88
1.90
1.92
1.93
1.94
1.96
1.97
1.99
2.01
2.02
2.03
2.05
2.07
2.08
2.10
2.11
2.13
2.14
2.16
2.17
2.19
2.20
2.23
2.24
2.26
2.27
2.28
2.30
2.31
2.33
2.34
2.35
2.37
2.38
2.39
2.41
2.42
2.44
2.45
2.46
2.48
2.49
2.51
2.52
2.53
2.54
2.56
2.58
2.59
2.60
2.62
2.63
2.64
2.66
2.67
2.69
2.71
2.72
2.74
2.76
2.77
2.79
2.80
2.82
2.83
2.85
2.88
2.90
2.91
2.92
2.93
2.94
2.96
2.97
2.99
3.00
3.02
3.04
3.05
3.07
3.08
3.10
3.12
3.13
3.14
3.16
3.18
3.19
3.21
3.22
3.24
3.26
3.27
3.29
3.30
3.32
3.33
3.35
3.37
3.38
3.40
3.41
3.43
3.45
3.46
3.48
3.49
3.51
3.52
3.54
3.56
3.57
3.59
3.60
3.62
3.64
3.65
3.67
3.68
3.70
3.73
3.75
3.77
3.78
3.79
3.80
3.81
3.83
3.84
3.85
3.87
3.89
3.90
3.92
3.93
3.96
3.98
3.99
4.01
4.02
4.03
4.04
4.06
4.08
4.09
4.11
4.13
4.15
4.16
4.18
4.20
4.21
4.23
4.25
4.27
4.28
4.30
4.32
4.34
4.35
4.37
4.39
4.41
4.42
4.44
4.45
4.47
4.48
4.50
4.51
4.54
4.56
4.57
4.58
4.59
4.61
4.62
4.63
4.64
4.66
4.67
4.68
4.70
4.71
4.73
4.75
4.78
4.79
4.80
4.82
4.83
4.85
4.86
4.87
4.88
4.90
4.91
4.92
4.93
4.94
4.96
4.97
4.99
5.00
5.02
5.03
5.05
5.07
5.08
5.10
5.11
5.13
5.14
5.16
5.18
5.19
5.21
5.23
5.24
5.26
5.27
5.29
5.31
5.32
5.34
5.35
5.37
5.38
5.40
5.41
5.43
5.45
5.46
5.47
5.49
5.50
5.52
5.54
5.55
5.56
5.60
5.61
5.63
5.64
5.65
5.66
5.67
5.69
5.70
5.72
5.73
5.75
5.76
5.78
5.79
5.81
5.82
5.84
5.85
5.87
5.89
5.90
5.92
5.93
5.95
5.96
5.98
6.00
6.02
6.04
6.06
6.07
6.09
6.10
6.11
6.12
6.15
6.16
6.18
6.19
6.20
6.22
6.23
6.24
6.26
6.27
6.29
6.31
6.32
6.33
6.35
6.36
6.38
6.39
6.41
6.42
6.44
6.45
6.47
6.48
6.51
6.52
6.54
6.55
6.57
6.58
6.59
6.61
6.62
6.63
6.64
6.66
6.68
6.69
6.71
6.73
6.75
6.77
6.78
6.80
6.81
6.83
6.84
6.86
6.87
6.89
6.90
6.92
6.93
6.94
6.96
6.97
6.99
7.00
7.01
7.03
7.04
7.06
7.07
7.08
7.10
7.12
7.13
7.14
7.16
7.17
7.18
7.20
7.21
7.22
7.24
7.25
7.26
7.28
7.29
7.30
7.33
7.34
7.36
7.37
7.38
7.39
7.41
7.42
7.43
7.44
7.46
7.47
7.48
7.50
7.51
7.52
7.53
7.55
7.56
7.57
7.58
7.60
7.61
7.62
7.63
7.65
7.66
7.67
7.68
7.69
7.71
7.72
7.73
7.74
7.75
7.76
7.78
7.79
7.80
7.81
7.82
7.83
7.85
7.86
7.87
7.88
7.89
7.91
7.92
7.93
7.94
7.96
7.98
7.99
8.01
8.02
8.03
8.05
8.07
8.08
8.09
8.10
8.11
8.13
8.14
8.15
8.16
8.18
8.19
8.20
8.22
8.23
8.24
8.26
8.28
8.29
8.30
8.32
8.33
8.35
8.37
8.39
8.40
8.41
8.43
8.44
8.45
8.46
8.48
8.49
8.50
8.51
8.53
8.54
8.55
8.57
8.59
8.60
8.61
8.62
8.64
8.65
8.67
8.68
8.69
8.71
8.72
8.73
8.74
8.76
8.77
8.78
8.79
8.81
8.82
8.83
8.84
8.86
8.87
8.88
8.89
8.91
8.92
8.93
8.95
8.96
8.97
8.98
9.00
9.01
9.02
9.03
9.05
9.06
9.08
9.09
9.10
9.11
9.12
9.14
9.15
9.16
9.17
9.18
9.20
9.21
9.22
9.23
9.24
9.26
9.27
9.28
9.29
9.30
9.32
9.33
9.34
9.35
9.36
9.38
9.39
9.40
9.41
9.42
9.44
9.45
9.46
9.47
9.48
9.50
9.52
9.53
9.54
9.55
9.56
9.58
9.59
9.60
9.61
9.62
9.64
9.65
9.66
9.67
9.69
9.70
9.71
9.72
9.73
9.75
9.76
9.77
9.78
9.80
9.81
9.82
9.83
9.85
9.86
9.87
9.88
9.89
9.91
9.92
9.93
9.94
9.95
9.97
9.98
10.00
10.01
10.02
10.04
10.05
10.06
10.07
10.08
10.09
10.11
10.12
10.16
10.18
10.19
10.20
10.21
10.22
10.23
10.25
10.26
10.27
10.28
10.30
10.31
10.32
10.34
10.35
10.36
10.37
10.39
10.40
10.41
10.42
10.44
10.45
10.46
10.48
10.49
10.51
10.52
10.53
10.54
10.55
10.57
10.58
10.59
10.60
10.62
10.63
10.64
10.65
10.66
10.68
10.69
10.70
10.72
10.73
10.74
10.75
10.76
10.78
10.79
10.80
10.81
10.82
10.84
10.85
10.86
10.87
10.89
10.90
10.91
10.92
10.94
10.95
10.97
10.98
10.99
11.00
11.02
11.03
11.04
11.05
11.07
11.08
11.09
11.10
11.11
11.13
11.14
11.15
11.16
11.17
11.19
11.20
11.21
11.22
11.23
11.24
11.26
11.27
11.28
11.29
11.31
11.32
11.33
11.34
11.35
11.36
11.38
11.39
11.41
11.42
11.43
11.44
11.46
11.47
11.48
11.49
11.51
11.52
11.53
11.54
11.55
11.57
11.58
11.59
11.60
11.62
11.63
11.64
11.65
11.67
11.68
11.69
11.70
11.71
11.73
11.74
11.75
11.76
11.78
11.79
11.80
11.81
11.83
11.84
11.85
11.87
11.88
11.90
11.91
11.92
11.93
11.94
11.96
11.97
11.98
11.99
12.01
12.02
12.03
12.04
12.05
12.07
12.08
12.09
12.10
12.12
12.13
12.14
12.15
12.17
12.18
12.19
12.20
12.22
12.23
12.24
12.25
12.26
12.28
12.29
12.31
12.32
12.33
12.35
12.36
12.38
12.39
12.40
12.42
12.43
12.44
12.46
12.47
12.48
12.50
12.51
12.52
12.54
12.55
12.57
12.58
12.60
12.61
12.63
12.64
12.65
12.67
12.68
12.70
12.71
12.72
12.74
12.75
12.77
12.78
12.79
12.81
12.82
12.84
12.85
12.87
12.88
12.90
12.91
12.92
12.94
12.95
12.97
12.98
12.99
13.01
13.02
13.04
13.05
13.07
13.08
13.09
13.11
13.12
13.14
13.15
13.16
13.18
13.19
13.20
13.22
13.23
13.25
13.26
13.27
13.29
13.30
13.31
13.33
13.35
13.36
13.38
13.39
13.41
13.42
13.44
13.45
13.46
13.48
13.49
13.51
13.52
13.53
13.55
13.56
13.58
13.59
13.61
13.62
13.63
13.65
13.66
13.68
13.69
13.70
13.72
13.73
13.75
13.76
13.77
13.79
13.80
13.82
13.83
13.84
13.86
13.87
13.89
13.90
13.92
13.94
13.95
13.96
13.98
13.99
14.01
14.02
14.03
14.05
14.06
14.08
14.09
14.11
14.12
14.13
14.15
14.17
14.18
14.19
14.21
14.22
14.24
14.25
14.26
14.28
14.29
14.31
14.32
14.33
14.35
14.36
14.37
14.39
14.40
14.42
14.44
14.45
14.46
14.48
14.49
14.50
14.52
14.53
14.55
14.56
14.57
14.59
14.60
14.61
14.63
14.64
14.66
14.67
14.68
14.70
14.71
14.72
14.74
14.75
14.77
14.78
14.80
14.81
14.82
14.84
14.85
14.87
14.88
14.90
14.91
14.93
14.94
14.96
14.98
14.99
15.01
15.02
15.04
15.05
15.07
15.08
15.10
15.11
15.12
15.14
15.16
15.17
15.19
15.20
15.22
15.24
15.25
15.27
15.29
15.30
15.32
15.33
15.35
15.36
15.38
15.39
15.40
15.42
15.43
15.45
15.46
15.48
15.49
15.51
15.53
15.54
15.56
15.57
15.58
15.60
15.62
15.63
15.65
15.66
15.68
15.70
15.71
15.73
15.74
15.76
15.77
15.79
15.81
15.82
15.84
15.85
15.87
15.88
15.90
15.92
15.93
15.95
15.96
15.98
15.99
16.00
16.02
16.03
16.05
16.06
16.08
16.10
16.11
16.13
16.14
16.16
16.17
16.19
16.20
16.22
16.23
16.24
16.26
16.28
16.29
16.30
16.32
16.33
16.35
16.36
16.37
16.39
16.40
16.42
16.43
16.44
16.46
16.47
16.49
16.50
16.51
16.53
16.54
16.56
16.57
16.59
16.60
16.62
16.64
16.65
16.67
16.68
16.70
16.71
16.73
16.75
16.76
16.77
16.79
16.80
16.82
16.83
16.85
16.86
16.88
16.89
16.91
16.92
16.94
16.95
16.97
16.98
16.99
17.01
17.02
17.04
17.05
17.07
17.08
17.10
17.11
17.13
17.14
17.16
17.18
17.19
17.21
17.22
17.24
17.25
17.27
17.28
17.29
17.31
17.32
17.34
17.35
17.37
17.38
17.39
17.41
17.42
17.43
17.45
17.46
17.47
17.49
17.50
17.51
17.53
17.54
17.55
17.57
17.58
17.60
17.61
17.62
17.64
17.65
17.66
17.68
17.70
17.71
17.73
17.74
17.76
17.77
17.78
17.80
17.81
17.82
17.84
17.85
17.87
17.88
17.90
17.91
17.92
17.94
17.96
17.97
17.99
18.01
18.02
18.04
18.05
18.07
18.08
18.10
18.11
18.13
18.15
18.16
18.18
18.19
18.21
18.22
18.25
18.26
18.28
18.29
18.31
18.32
18.34
18.36
18.37
18.39
18.40
18.42
18.43
18.45
18.46
18.48
18.49
18.51
18.52
18.54
18.55
18.57
18.58
18.60
18.61
18.63
18.64
18.66
18.67
18.69
18.70
18.72
18.73
18.75
18.76
18.77
18.80
18.81
18.82
18.84
18.85
18.87
18.88
18.90
18.91
18.93
18.94
18.96
18.97
18.99
19.00
19.02
19.03
19.05
19.06
19.08
19.09
19.11
19.12
19.13
19.15
19.16
19.18
19.20
19.21
19.22
19.24
19.25
19.27
19.28
19.30
19.31
19.33
19.35
19.37
19.39
19.40
19.42
19.43
19.45
19.46
19.48
19.50
19.51
19.54
19.56
19.59
19.61
19.63
19.65
19.67
19.69
19.71
19.73
19.74
19.76
19.78
19.80
19.82
19.84
19.86
19.88
19.90
19.92
19.94
19.96
19.97
19.99
20.01
20.03
20.05
20.07
20.09
20.11
20.13
20.15
20.17
20.19
20.21
20.23
20.25
20.27
20.29
20.31
20.34
20.36
20.37
20.39
20.41
20.43
20.45
20.47
20.49
20.51
20.53
20.54
20.56
20.57
20.59
20.60
20.62
20.64
20.65
20.67
20.69
20.71
20.72
20.74
20.76
20.77
20.79
20.81
20.83
20.85
20.87
20.89
20.91
20.92
20.96
20.98
21.00
21.01
21.03
21.05
21.07
21.08
21.10
21.12
21.14
21.16
21.17
21.19
21.21
21.23
21.24
21.26
21.28
21.30
21.31
21.33
21.35
21.37
21.39
21.40
21.42
21.44
21.46
21.47
21.50
21.52
21.53
21.55
21.57
21.58
21.60
21.62
21.64
21.65
21.67
21.68
21.69
21.71
21.72
21.73
21.75
21.76
21.77
21.79
21.80
21.81
21.83
21.84
21.85
21.87
21.88
21.90
21.91
21.92
21.94
21.95
21.96
21.98
21.99
22.01
22.02
22.04
22.06
22.08
22.09
22.11
22.12
22.14
22.16
22.17
22.19
22.20
22.22
22.24
22.25
22.27
22.28
22.30
22.31
22.33
22.34
22.36
22.38
22.39
22.41
22.42
22.44
22.46
22.47
22.49
22.51
22.52
22.54
22.55
22.57
22.59
22.60
22.62
22.64
22.66
22.67
22.69
22.70
22.72
22.74
22.75
22.77
22.78
22.80
22.82
22.83
22.85
22.86
22.88
22.89
22.91
22.93
22.94
22.96
22.97
22.99
23.01
23.02
23.04
23.05
23.07
23.08
23.10
23.12
23.13
23.15
23.17
23.19
23.20
23.22
23.24
23.25
23.27
23.29
23.30
23.32
23.34
23.35
23.37
23.38
23.40
23.42
23.43
23.45
23.47
23.48
23.50
23.52
23.53
23.55
23.57
23.58
23.60
23.62
23.64
23.65
23.67
23.68
23.70
23.71
23.73
23.75
23.77
23.79
23.81
23.82
23.84
23.86
23.87
23.89
23.91
23.93
23.95
23.96
23.98
24.00
24.02
24.03
24.05
24.07
24.08
24.10
24.12
24.14
24.15
24.17
24.19
24.21
24.23
24.24
24.26
24.28
24.29
24.31
24.33
24.35
24.36
24.38
24.40
24.42
24.44
24.46
24.47
24.49
24.51
24.52
24.54
24.56
24.58
24.59
24.61
24.63
24.65
24.67
24.69
24.71
24.72
24.74
24.76
24.78
24.80
24.81
24.83
24.85
24.86
24.88
24.90
24.91
24.93
24.95
24.97
24.98
25.00
25.02
25.04
25.06
25.08
25.09
25.11
25.13
25.15
25.16
25.18
25.20
25.22
25.23
25.25
25.27
25.29
25.31
25.33
25.35
25.36
25.38
25.40
25.42
25.44
25.46
25.47
25.49
25.51
25.53
25.55
25.57
25.59
25.60
25.62
25.64
25.66
25.68
25.70
25.72
25.74
25.76
25.77
25.79
25.81
25.83
25.85
25.87
25.88
25.90
25.92
25.94
25.95
25.97
25.99
26.01
26.03
26.04
26.06
26.08
26.10
26.11
26.13
26.15
26.17
26.19
26.21
26.23
26.25
26.26
26.28
26.30
26.32
26.34
26.36
26.38
26.39
26.41
26.43
26.45
26.46
26.48
26.50
26.52
26.53
26.55
26.57
26.59
26.61
26.63
26.64
26.66
26.68
26.70
26.71
26.73
26.74
26.76
26.77
26.79
26.80
26.82
26.83
26.85
26.86
26.88
26.90
26.92
26.93
26.95
26.97
26.99
27.01
27.04
27.06
27.07
27.09
27.10
27.12
27.13
27.15
27.16
27.18
27.19
27.21
27.23
27.24
27.26
27.29
27.31
27.32
27.34
27.35
27.37
27.38
27.40
27.41
27.43
27.44
27.46
27.47
27.49
27.51
27.52
27.54
27.55
27.58
27.60
27.62
27.64
27.65
27.67
27.68
27.70
27.72
27.73
27.75
27.77
27.78
27.80
27.81
27.83
27.84
27.86
27.88
27.89
27.91
27.92
27.93
27.95
27.96
27.98
27.99
28.01
28.02
28.04
28.05
28.06
28.08
28.09
28.11
28.12
28.14
28.16
28.17
28.19
28.20
28.22
28.23
28.25
28.26
28.28
28.29
28.31
28.32
28.34
28.35
28.37
28.38
28.40
28.41
28.43
28.44
28.45
28.47
28.48
28.50
28.51
28.52
28.54
28.55
28.57
28.58
28.60
28.61
28.63
28.64
28.66
28.67
28.69
28.71
28.73
28.74
28.75
28.77
28.79
28.80
28.82
28.84
28.85
28.87
28.89
28.90
28.92
28.94
28.96
28.97
28.99
29.01
29.03
29.05
29.06
29.08
29.09
29.11
29.13
29.14
29.16
29.17
29.19
29.21
29.22
29.24
29.26
29.27
29.29
29.31
29.33
29.34
29.36
29.38
29.40
29.41
29.43
29.44
29.46
29.48
29.49
29.51
29.53
29.54
29.56
29.58
29.59
29.61
29.63
29.64
29.66
29.68
29.70
29.72
29.73
29.75
29.77
29.79
29.81
29.82
29.84
29.86
29.88
29.90
29.92
29.94
29.96
29.98
30.00
30.02
30.04
30.05
30.07
30.09
30.11
30.13
30.21
30.25
30.27
30.29
30.31
30.33
30.35
30.37
30.38
30.40
30.42
30.44
30.46
30.47
30.50
30.52
30.54
30.56
30.59
30.62
30.64
30.66
30.68
30.70
30.72
30.75
30.77
30.79
30.81
30.83
30.86
30.88
30.90
30.92
30.94
30.96
30.99
31.01
31.03
31.05
31.07
31.10
31.12
31.15
31.17
31.19
31.22
31.24
31.26
31.29
31.31
31.33
31.35
31.37
31.39
31.41
31.43
31.45
31.46
31.48
31.50
31.52
31.53
31.55
31.57
31.59
31.60
31.62
31.64
31.66
31.67
31.69
31.71
31.73
31.75
31.77
31.78
31.80
31.82
31.84
31.85
31.87
31.89
31.91
31.93
31.94
31.96
31.98
32.00
32.02
32.04
32.06
32.07
32.09
32.11
32.14
32.17
32.19
32.21
32.23
32.26
32.28
32.31
32.33
32.36
32.39
32.41
32.43
32.46
32.48
32.50
32.53
32.55
32.57
32.60
32.62
32.65
32.67
32.69
32.74
32.78
32.82
32.87
32.91
32.95
32.99
33.04
33.09
33.13
33.17
33.22
33.26
33.30
33.33
33.37
33.41
33.45
33.50
33.54
33.59
33.64
33.68
33.72
33.76
33.80
33.83
33.87
33.91
33.95
33.98
34.03
34.07
34.10
34.19
34.23
34.27
34.30
34.34
34.38
34.42
34.45
34.49
34.53
34.57
34.60
34.64
34.68
34.72
34.76
34.80
34.83
34.87
34.91
34.95
34.99
35.03
35.07
35.11
35.14
35.18
35.22
35.26
35.30
35.34
35.38
35.41
35.45
35.49
35.53
35.57
35.61
35.64
35.68
35.72
35.76
35.80
35.84
35.88
35.91
35.95
35.99
36.03
36.07
36.10
36.14
36.18
36.22
36.26
36.30
36.34
36.38
36.42
36.45
36.49
36.53
36.57
36.61
36.64
36.68
36.72
36.76
36.80
36.84
36.87
36.91
36.95
36.99
37.03
37.07
37.11
37.15
37.19
37.22
37.26
37.30
37.34
37.38
37.42
37.46
37.50
37.54
37.58
37.62
37.66
37.70
37.73
37.77
37.81
37.85
37.89
37.93
37.97
38.01
38.05
38.09
38.13
38.17
38.19
38.20
38.22
38.24
38.26
38.28
38.29
38.31
38.33
38.35
38.37
38.38
38.40
38.42
38.44
38.46
38.48
38.50
38.52
38.54
38.55
38.57
38.59
38.61
38.63
38.65
38.67
38.68
38.71
38.72
38.74
38.76
38.78
38.80
38.82
38.84
38.86
38.88
38.90
38.92
38.93
38.95
38.97
38.99
39.01
39.03
39.05
39.07
39.09
39.11
39.13
39.15
39.17
39.19
39.21
39.23
39.25
39.27
39.29
39.31
39.33
39.35
39.36
39.38
39.40
39.42
39.44
39.49
39.51
39.53
39.55
39.57
39.59
39.61
39.63
39.65
39.66
39.68
39.70
39.72
39.74
39.76
39.78
39.80
39.82
39.84
39.86
39.88
39.90
39.92
39.94
39.96
39.98
40.00
40.02
40.04
40.06
40.08
40.09
40.11
40.13
40.15
40.17
40.19
40.21
40.23
40.25
40.27
40.29
40.31
40.33
40.36
40.38
40.40
40.41
40.43
40.45
40.47
40.50
40.52
40.54
40.56
40.58
40.60
40.62
40.65
40.67
40.70
40.72
40.74
40.76
40.78
40.80
40.82
40.84
40.86
40.88
40.90
40.92
40.94
40.96
40.98
41.01
41.03
41.06
41.08
41.10
41.13
41.16
41.18
41.21
41.23
41.25
41.28
41.30
41.33
41.35
41.38
41.40
41.43
41.45
41.48
41.51
41.53
41.56
41.58
41.61
41.64
41.66
41.69
41.72
41.75
41.78
41.81
41.83
41.86
41.89
41.92
41.94
41.97
41.99
42.01
42.03
42.06
42.08
42.09
42.11
42.17
42.19
42.21
42.23
42.25
42.27
42.29
42.31
42.33
42.35
42.37
42.39
42.40
42.43
42.45
42.47
42.49
42.51
42.52
42.54
42.56
42.58
42.59
42.61
42.63
42.65
42.67
42.68
42.70
42.72
42.74
42.75
42.77
42.79
42.81
42.83
42.85
42.87
42.89
42.91
42.92
42.94
42.96
42.98
43.01
43.03
43.05
43.08
43.11
43.13
43.15
43.18
43.20
43.23
43.25
43.28
43.30
43.32
43.35
43.38
43.40
43.42
43.45
43.47
43.49
43.52
43.54
43.57
43.59
43.61
43.64
43.67
43.69
43.71
43.74
43.77
43.80
43.83
43.86
43.90
43.93
43.96
43.98
44.01
44.04
44.06
44.08
44.11
44.14
44.16
44.19
44.21
44.24
44.27
44.30
44.32
44.35
44.37
44.40
44.42
44.45
44.47
44.50
44.52
44.55
44.57
44.60
44.62
44.65
44.67
44.70
44.72
44.75
44.78
44.80
44.83
44.86
44.88
44.91
44.92
44.94
44.96
44.98
45.00
45.02
45.04
45.06
45.09
45.11
45.13
45.16
45.18
45.20
45.22
45.25
45.27
45.29
45.31
45.33
45.36
45.38
45.40
45.43
45.45
45.47
45.50
45.52
45.54
45.56
45.58
45.61
45.63
45.65
45.67
45.69
45.71
45.73
45.74
45.76
45.78
45.80
45.82
45.83
45.85
45.87
45.89
45.91
45.92
45.94
45.96
45.97
45.99
46.01
46.03
46.05
46.07
46.09
46.10
46.12
46.14
46.16
46.17
46.19
46.21
46.23
46.24
46.26
46.28
46.29
46.31
46.33
46.35
46.36
46.38
46.40
46.42
46.44
46.45
46.47
46.49
46.51
46.53
46.55
46.56
46.58
46.60
46.62
46.63
46.66
46.68
46.69
46.71
46.73
46.75
46.77
46.79
46.80
46.82
46.84
46.86
46.88
46.90
46.92
46.93
46.95
46.97
46.99
47.01
47.03
47.05
47.07
47.08
47.10
47.12
47.14
47.16
47.18
47.20
47.22
47.24
47.26
47.28
47.30
47.32
47.34
47.36
47.38
47.40
47.42
47.44
47.46
47.48
47.50
47.52
47.55
47.57
47.59
47.61
47.63
47.65
47.67
47.69
47.71
47.73
47.75
47.77
47.79
47.81
47.82
47.84
47.86
47.88
47.90
47.91
47.93
47.95
47.97
47.99
48.02
48.03
48.05
48.07
48.09
48.11
48.13
48.14
48.16
48.18
48.20
48.22
48.23
48.25
48.27
48.29
48.31
48.33
48.34
48.36
48.38
48.40
48.42
48.43
48.45
48.47
48.49
48.51
48.53
48.55
48.56
48.58
48.60
48.62
48.64
48.66
48.68
48.70
48.72
48.73
48.75
48.77
48.79
48.81
48.82
48.84
48.86
48.88
48.90
48.91
48.93
48.95
48.97
48.99
49.01
49.02
49.04
49.06
49.08
49.10
49.11
49.13
49.15
49.17
49.18
49.20
49.22
49.24
49.26
49.27
49.29
49.31
49.33
49.35
49.37
49.39
49.41
49.43
49.44
49.46
49.48
49.50
49.52
49.53
49.55
49.57
49.59
49.61
49.62
49.64
49.66
49.68
49.70
49.71
49.73
49.82
49.84
49.86
49.89
49.91
49.93
49.96
49.98
50.00
50.03
50.05
50.07
50.10
50.12
50.14
50.17
50.19
50.21
50.24
50.26
50.29
50.31
50.33
50.36
50.38
50.40
50.43
50.45
50.48
50.52
50.55
50.58
50.62
50.64
50.66
50.68
50.71
50.73
50.75
50.78
50.80
50.83
50.85
50.87
50.89
50.90
50.92
50.94
50.96
50.97
50.99
51.01
51.02
51.04
51.06
51.07
51.09
51.11
51.12
51.14
51.16
51.17
51.20
51.21
51.23
51.25
51.26
51.28
51.30
51.32
51.34
51.36
51.38
51.41
51.43
51.44
51.46
51.48
51.49
51.51
51.53
51.54
51.56
51.58
51.59
51.61
51.63
51.64
51.66
51.67
51.69
51.71
51.72
51.74
51.77
51.78
51.80
51.81
51.83
51.85
51.87
51.88
51.90
51.91
51.93
51.95
51.96
51.98
52.00
52.02
52.03
52.05
52.07
52.08
52.10
52.12
52.14
52.15
52.17
52.19
52.20
52.22
52.24
52.25
52.27
52.29
52.30
52.32
52.34
52.35
52.37
52.39
52.41
52.43
52.44
52.46
52.47
52.49
52.51
52.52
52.54
52.56
52.58
52.59
52.61
52.62
52.64
52.66
52.67
52.69
52.71
52.72
52.74
52.75
52.77
52.79
52.80
52.82
52.84
52.85
52.87
52.89
52.90
52.92
52.94
52.96
52.97
53.00
53.01
53.03
53.05
53.06
53.08
53.10
53.11
53.13
53.15
53.16
53.18
53.20
53.22
53.23
53.25
53.27
53.29
53.31
53.32
53.34
53.36
53.37
53.39
53.41
53.42
53.44
53.46
53.47
53.49
53.51
53.52
53.54
53.56
53.58
53.59
53.62
53.63
53.65
53.67
53.68
53.70
53.72
53.74
53.75
53.77
53.79
53.80
53.82
53.84
53.85
53.87
53.89
53.91
53.92
53.94
53.96
53.97
53.99
54.01
54.02
54.04
54.06
54.07
54.09
54.11
54.13
54.14
54.16
54.18
54.19
54.21
54.24
54.25
54.27
54.29
54.30
54.32
54.34
54.35
54.37
54.39
54.41
54.42
54.44
54.46
54.48
54.49
54.51
54.53
54.54
54.56
54.58
54.59
54.61
54.62
54.64
54.66
54.67
54.69
54.71
54.73
54.74
54.76
54.78
54.79
54.81
54.83
54.84
54.87
54.89
54.90
54.92
54.94
54.96
54.97
54.99
55.01
55.02
55.04
55.06
55.07
55.09
55.11
55.13
55.14
55.16
55.18
55.20
55.21
55.23
55.25
55.27
55.28
55.30
55.32
55.34
55.35
55.37
55.39
55.41
55.43
55.44
55.46
55.49
55.51
55.53
55.54
55.56
55.58
55.60
55.62
55.64
55.66
55.68
55.69
55.71
55.73
55.75
55.77
55.78
55.80
55.82
55.84
55.85
55.87
55.89
55.91
55.93
55.94
55.96
55.98
56.00
56.02
56.03
56.05
56.07
56.09
56.11
56.13
56.15
56.17
56.19
56.21
56.22
56.24
56.26
56.28
56.29
56.31
56.33
56.35
56.37
56.38
56.40
56.42
56.44
56.45
56.47
56.49
56.51
56.53
56.54
56.56
56.58
56.60
56.62
56.63
56.65
56.67
56.69
56.71
56.72
56.74
56.76
56.78
56.81
56.82
56.84
56.86
56.88
56.89
56.91
56.93
56.95
56.96
56.98
57.00
57.01
57.03
57.05
57.07
57.09
57.10
57.12
57.14
57.16
57.17
57.19
57.21
57.23
57.25
57.27
57.28
57.30
57.32
57.34
57.36
57.38
57.40
57.41
57.43
57.46
57.48
57.49
57.51
57.53
57.55
57.56
57.58
57.60
57.62
57.63
57.65
57.67
57.69
57.71
57.72
57.74
57.76
57.77
57.79
57.81
57.83
57.84
57.86
57.88
57.90
57.91
57.93
57.95
57.97
57.99
58.00
58.02
58.04
58.05
58.07
58.10
58.11
58.13
58.15
58.17
58.18
58.20
58.22
58.24
58.25
58.27
58.29
58.31
58.32
58.34
58.36
58.37
58.39
58.41
58.43
58.44
58.46
58.48
58.49
58.51
58.53
58.55
58.57
58.58
58.60
58.62
58.64
58.65
58.67
58.69
58.71
58.73
58.75
58.77
58.78
58.80
58.82
58.84
58.85
58.87
58.89
58.90
58.92
58.94
58.96
58.98
59.00
59.01
59.03
59.05
59.07
59.09
59.10
59.12
59.14
59.15
59.17
59.19
59.21
59.22
59.24
59.26
59.27
59.29
59.31
59.32
59.34
59.37
59.38
59.40
59.42
59.43
59.45
59.47
59.48
59.50
59.52
59.54
59.56
59.57
59.59
59.61
59.63
59.64
59.66
59.67
59.69
59.71
59.73
59.74
59.76
59.78
59.79
59.81
59.83
59.85
59.86
59.88
59.90
59.91
59.93
59.95
59.96
60.03
60.05
60.06
60.08
60.10
60.11
60.13
60.15
60.17
60.18
60.20
60.22
60.24
60.25
60.27
60.29
60.30
60.32
60.34
60.35
60.37
60.39
60.40
60.42
60.44
60.46
60.47
60.49
60.51
60.52
60.54
60.56
60.57
60.59
60.61
60.63
60.65
60.67
60.69
60.70
60.72
60.74
60.75
60.77
60.79
60.81
60.83
60.84
60.86
60.88
60.90
60.91
60.93
60.95
60.97
60.98
61.00
61.02
61.03
61.05
61.07
61.09
61.10
61.12
61.14
61.15
61.17
61.19
61.21
61.23
61.24
61.27
61.28
61.30
61.32
61.33
61.35
61.37
61.39
61.40
61.42
61.44
61.46
61.47
61.49
61.51
61.52
61.54
61.56
61.58
61.59
61.61
61.63
61.64
61.66
61.68
61.70
61.71
61.73
61.75
61.76
61.78
61.80
61.81
61.83
61.85
61.87
61.89
61.91
61.92
61.94
61.96
61.97
61.99
62.01
62.03
62.04
62.06
62.08
62.10
62.11
62.17
62.20
62.24
62.26
62.28
62.30
62.32
62.33
62.35
62.37
62.39
62.41
62.42
62.44
62.46
62.48
62.49
62.51
62.53
62.55
62.57
62.59
62.61
62.63
62.65
62.67
62.68
62.70
62.72
62.74
62.75
62.77
62.79
62.81
62.83
62.85
62.87
62.89
62.91
62.93
62.95
62.96
62.98
63.00
63.02
63.04
63.06
63.07
63.09
63.11
63.13
63.15
63.17
63.18
63.20
63.22
63.24
63.26
63.28
63.29
63.31
63.33
63.35
63.37
63.38
63.40
63.42
63.44
63.45
63.47
63.49
63.51
63.53
63.54
63.56
63.58
63.60
63.62
63.63
63.65
63.67
63.69
63.70
63.72
63.74
63.76
63.78
63.79
63.81
63.83
63.85
63.87
63.89
63.90
63.92
63.94
63.96
63.97
63.99
64.01
64.03
64.04
64.06
64.08
64.10
64.12
64.13
64.15
64.17
64.19
64.21
64.22
64.24
64.26
64.28
64.29
64.31
64.33
64.35
64.36
64.38
64.40
64.42
64.43
64.45
64.47
64.48
64.50
64.53
64.54
64.56
64.58
64.59
64.61
64.63
64.65
64.66
64.68
64.70
64.71
64.73
64.75
64.76
64.78
64.80
64.81
64.83
64.85
64.87
64.88
64.90
64.92
64.93
64.95
64.97
64.99
65.00
65.02
65.04
65.06
65.07
65.09
65.11
65.12
65.15
65.16
65.18
65.20
65.21
65.23
65.25
65.26
65.28
65.30
65.31
65.33
65.35
65.36
65.38
65.40
65.41
65.43
65.45
65.46
65.48
65.50
65.51
65.53
65.55
65.56
65.58
65.59
65.61
65.63
65.65
65.66
65.68
65.70
65.71
65.73
65.75
65.77
65.79
65.80
65.82
65.84
65.85
65.87
65.89
65.90
65.92
65.94
65.95
65.97
65.99
66.00
66.02
66.04
66.05
66.07
66.08
66.10
66.12
66.18
66.19
66.21
66.23
66.24
66.26
66.28
66.29
66.31
66.33
66.34
66.36
66.38
66.40
66.42
66.43
66.45
66.46
66.48
66.50
66.51
66.53
66.55
66.56
66.58
66.60
66.61
66.63
66.64
66.66
66.68
66.69
66.71
66.73
66.74
66.76
66.78
66.79
66.81
66.83
66.84
66.86
