33.3659
33.9644
34.4663
34.4663
35.84085
35.84085
36.19135
36.19135
36.19135
36.5285
36.5285
36.5285
37.4136
37.4136
37.4136
38.3359
38.3359
38.66925
38.66925
38.66925
38.66925
39.7579
39.7579
39.7579
38.9043
38.9043
38.669
38.669
38.2102
38.2102
38.2102
37.46275
37.46275
37.46275
37.0193
37.0193
37.0193
37.0193
36.65045
36.65045
36.65045
36.28
36.28
37.2443
37.2443
37.2443
37.2361
37.2361
37.2361
36.80175
36.80175
36.80175
36.80175
36.4801
36.4801
36.7266
36.7266
36.84755
36.84755
36.84755
37.0692
37.0692
37.0692
37.72635
37.72635
37.72635
37.98925
37.98925
37.98925
37.98925
38.3185
38.3185
37.98965
37.98965
37.98965
38.23235
39.62585
39.62585
39.62585
39.36265
39.36265
39.36265
39.36265
39.8361
39.8361
39.8361
39.98935
39.98935
39.98935
40.0771
40.0771
40.23915
40.23915
40.23915
40.38465
40.38465
40.38465
40.37825
40.37825
40.37825
40.50425
40.50425
40.54975
40.54975
40.9581
40.9581
40.9581
40.97185
40.97185
41.11825
41.11825
41.11825
41.03065
41.03065
41.12425
41.12425
41.34335
41.42075
41.42075
41.42075
41.88575
41.88575
41.88575
40.87625
40.87625
40.72755
40.72755
41.0454
41.0454
41.0932
41.0932
41.5431
41.5431
41.5431
41.3972
41.3972
41.5225
41.72
41.72
41.72
41.8514
41.8514
41.96245
41.96245
41.3593
41.3593
41.3593
42.00465
42.00465
42.0194
41.96895
41.96895
41.96895
41.96895
42.1178
42.1178
41.86035
41.86035
41.86035
41.86035
41.86035
41.86035
41.86035
41.86035
37.60905
41.5962
41.5962
41.5962
41.5962
42.1725
42.1725
42.46125
42.46125
42.6815
42.6815
42.74765
42.74765
42.74765
42.68405
42.68405
43.21425
43.21425
43.21425
43.4773
43.4773
43.4773
43.5826
43.5826
42.7131
42.7131
40.24125
40.24125
40.1561
40.1561
40.1112
40.1112
40.776
40.776
40.776
40.79565
40.79565
41.1902
41.30145
41.30145
41.30145
40.7637
40.7637
40.7637
40.56425
40.56425
40.81405
40.81405
40.81405
40.9035
40.9035
40.9035
40.62965
40.6767
40.6767
40.6767
40.9552
40.9552
40.9552
40.79545
40.5957
40.5957
40.5957
40.5957
40.0022
40.0022
39.87675
39.87675
39.87675
40.88925
40.88925
40.84175
40.84175
41.0344
41.0344
40.87945
40.87945
40.56035
40.56035
41.2647
41.2647
40.8388
40.8388
41.19135
41.19135
41.38605
41.38605
41.38605
41.21855
41.21855
40.52865
40.52865
40.52865
40.52865
40.52865
40.52865
40.52865
40.52865
40.52865
36.1494
36.1494
36.1494
40.8732
40.8732
40.8732
41.25935
41.25935
41.1064
41.1064
41.32725
41.45755
41.45755
41.45755
41.145
41.35995
41.35995
41.3008
41.3008
41.3008
41.5727
41.5727
41.5727
41.2485
41.2485
41.47935
41.4735
41.4735
41.06545
41.06545
41.06545
41.36495
41.36495
40.7267
41.2044
41.2044
40.98995
40.98995
41.14655
41.14655
41.37385
41.37385
41.37385
41.37385
41.37385
41.37385
41.37385
41.37385
41.37385
41.37385
32.79785
32.79785
41.21385
41.21385
41.21385
42.30385
42.30385
42.30385
42.60435
42.60435
42.4798
42.4798
42.27835
42.27835
42.2142
42.2142
42.436
42.436
42.3332
42.3332
42.35705
42.35705
42.35705
42.84235
42.84235
40.80455
40.80455
40.80455
41.0303
41.0303
41.0303
41.8292
41.8292
41.3131
41.3131
41.6417
41.6417
41.80165
41.80165
41.8004
41.8004
41.8543
41.8543
41.96895
41.96895
41.7965
41.7965
41.87045
41.87045
41.87045
41.32205
41.32205
41.85055
41.85055
41.8178
41.8178
41.5225
41.5225
41.73435
41.73435
41.1609
41.1609
41.1609
41.0977
41.0977
41.17185
41.17185
41.09285
41.09285
41.3863
41.1504
41.1504
40.51005
40.51005
40.51005
40.51005
40.3792
40.3792
40.1961
40.1961
40.1134
40.1134
40.15345
40.15345
40.28745
40.28745
40.28745
39.85065
39.85065
40.1279
40.1279
41.3094
41.3094
41.3094
41.3094
41.3094
41.3094
41.3094
41.3094
41.3094
41.3094
41.3094
41.3094
37.7875
37.7875
37.7875
41.91675
42.07075
42.07075
42.4589
42.4589
42.4589
42.4589
41.96695
42.26835
42.26835
42.26835
41.99345
41.99345
42.64915
42.64915
42.1945
42.1945
42.179
42.179
42.179
36.29
36.29
36.29
36.29
36.29
36.29
36.29
36.29
36.29
36.29
36.29
36.29
37.5411
37.5411
40.7912
40.7912
42.4534
42.752
42.752
42.4441
42.4441
42.51115
42.51115
42.54235
42.54235
42.74975
42.74975
42.9854
42.9854
41.69185
41.69185
41.69185
41.48255
41.48255
41.48255
41.80355
41.80355
41.51965
41.51965
41.79125
41.79125
41.79125
41.50585
41.72565
41.72565
41.72565
41.6888
41.6888
41.6888
41.5594
41.5594
41.5594
41.5845
41.5845
42.02535
42.02535
41.24745
41.24745
41.49545
41.49545
41.9808
41.9808
41.9808
42.1236
42.1236
41.9734
41.9734
41.9734
42.32435
42.32435
42.32435
42.29315
42.29315
42.29315
41.61875
41.61875
41.85275
41.85275
41.85275
41.9472
41.9472
40.64035
40.64035
40.64035
40.64035
40.65765
40.65765
40.65765
40.77015
40.77015
40.3876
40.3876
40.7243
40.7243
40.7243
40.8134
40.8134
40.8134
40.6624
40.6624
41.08245
41.08245
41.08245
41.08245
40.52525
40.52525
40.52525
40.52525
40.52525
40.52525
40.52525
40.52525
40.52525
40.52525
40.52525
40.52525
23.8089
23.8089
39.3093
39.3093
41.2226
41.2226
41.2226
42.30105
42.30105
42.30105
42.30105
42.46595
42.46595
42.74575
42.74575
41.5934
41.5934
41.7849
41.7849
41.7444
41.7444
41.7444
41.50355
41.50355
41.93975
41.93975
41.89395
41.89395
41.67955
41.67955
41.67955
41.4057
41.4057
41.4057
41.03275
41.03275
41.03275
41.6397
42.6171
42.6171
42.6171
42.89485
42.89485
42.7894
42.7894
42.7894
42.7894
42.99225
42.99225
42.7755
42.7755
42.98215
42.98215
42.98215
42.6329
42.6329
43.1089
43.1089
43.1089
42.62965
42.62965
41.85135
41.85135
41.85135
41.85135
41.85135
41.85135
41.85135
41.85135
41.85135
41.85135
41.85135
41.85135
41.85135
41.85135
41.85135
41.85135
41.85135
41.85135
41.85135
41.85135
41.85135
41.85135
41.85135
41.85135
41.85135
41.85135
41.85135
41.85135
41.85135
41.85135
44.3942
44.3942
44.3942
44.44885
44.44885
44.7013
44.7013
44.7013
44.9081
44.9081
44.9081
44.9081
44.79845
44.79845
44.79845
44.838
44.9742
44.9742
44.9742
45.1532
45.1532
45.1532
44.9754
44.9754
45.3588
45.3588
45.3588
41.79565
41.79565
41.79565
42.3872
42.3872
42.16785
42.16785
42.16785
42.16785
42.19285
42.19285
42.19285
42.6061
42.6061
42.2539
42.2539
42.2539
42.367
42.367
41.9033
41.9033
42.5955
42.5955
42.5955
42.5955
42.7636
42.7636
42.7636
42.34315
42.34315
42.2327
42.2327
42.2589
42.2589
42.2589
41.99455
41.99455
42.2744
42.2744
42.2744
42.2744
42.3221
42.3221
42.2265
42.2265
43.02085
43.02085
43.02085
43.02085
43.02085
42.91335
42.91335
42.5981
42.5981
42.49865
42.49865
42.49865
42.67215
42.67215
42.55655
42.55655
42.55655
42.55655
42.84355
42.84355
43.1532
43.1532
43.1532
41.4831
41.4831
41.369
41.369
41.59515
41.59515
41.59515
41.76765
41.76765
41.76765
41.76765
41.79015
41.997
41.997
41.997
42.0424
42.0424
42.0424
41.767
41.767
41.82545
41.82545
41.82545
41.82545
42.09235
42.09235
42.41655
42.41655
42.41655
43.03595
43.03595
41.8948
41.8948
32.838
32.838
32.838
32.838
32.838
32.838
32.838
32.838
32.838
32.838
32.838
32.838
32.838
32.838
32.838
36.42045
36.42045
36.42045
40.65535
40.65535
40.3222
40.3222
41.439
41.439
42.3108
42.3108
42.3108
42.3108
42.41175
42.41175
42.41175
43.82285
43.82285
43.82285
43.535
43.535
44.0548
44.0548
44.0548
44.24525
44.24525
44.18465
44.18465
44.18465
44.18465
44.61995
44.61995
44.0886
44.0886
44.0886
44.1105
44.1105
44.30425
44.30425
44.30425
44.41405
44.41405
44.0005
44.0005
44.0005
44.0005
44.267
44.267
44.3627
44.3627
44.438
44.438
44.438
44.2574
44.2574
44.2574
44.12805
44.12805
44.12805
44.31185
44.31185
44.4624
44.4624
44.4624
45.18185
45.18185
45.03395
45.03395
45.03395
45.03395
42.87335
42.87335
42.8329
42.8329
42.29095
42.29095
42.29095
41.9377
41.9377
41.9377
42.57505
42.57505
41.6534
41.6534
41.6534
41.6534
41.24475
41.24475
42.1047
42.1047
42.09935
42.09935
42.09935
42.3373
42.3373
42.3373
43.19685
43.19685
42.96275
42.96275
42.96275
42.67865
42.67865
43.0523
43.0523
40.451
40.451
40.451
40.451
42.45115
42.45115
41.56075
41.56075
41.56075
41.46655
41.46655
38.92175
38.92175
42.0246
42.0246
42.3821
42.3821
42.3821
42.42885
42.42885
42.42885
42.62345
42.62345
42.34875
42.34875
42.35895
42.35895
42.5908
42.5908
43.86945
43.86945
43.86945
43.86945
44.26755
43.34115
43.34115
43.41795
43.41795
43.41795
43.7293
43.7293
43.7788
43.7788
43.7788
43.74565
43.74565
43.98815
43.98815
44.0473
44.0473
43.49235
43.49235
43.49235
43.49235
43.8655
43.8655
43.79355
43.79355
43.2045
43.2045
43.40595
43.40595
43.52185
43.52185
43.52185
43.2762
43.2762
43.2762
43.918
43.918
43.7551
43.7551
43.4954
43.4954
44.3672
44.3672
44.07235
44.07235
42.65565
42.65565
42.65565
41.127
41.127
42.25995
42.25995
42.25995
42.96745
42.96745
42.22655
42.22655
42.22655
43.15255
43.15255
43.46035
43.46035
43.8693
43.8693
43.8693
44.09395
44.09395
44.0777
44.0777
44.0863
44.0863
44.0863
44.3899
44.3899
44.3899
44.1596
43.97785
43.97785
44.1464
44.1464
44.1464
44.3379
44.3379
44.1898
44.1898
44.3368
44.3368
44.3368
44.45655
44.45655
44.453
44.453
44.4399
44.4399
44.4399
40.78015
40.78015
40.78015
40.78015
40.78015
40.78015
40.78015
40.78015
40.78015
40.78015
40.78015
40.78015
36.721
36.721
42.41015
42.41015
42.41015
43.4018
42.93035
42.93035
43.951
43.951
43.951
44.27165
44.27165
44.27165
44.4085
44.4085
43.98015
43.98015
44.1337
44.1337
44.1337
44.4255
44.4255
44.0584
44.0584
44.0584
42.52
42.52
42.6842
42.6842
43.31725
43.31725
42.47635
42.47635
42.758
42.758
42.758
42.758
35.42815
35.42815
35.42815
35.42815
35.42815
35.42815
35.42815
35.42815
35.42815
35.42815
35.42815
35.42815
35.42815
35.42815
35.42815
41.1565
41.1565
41.02125
41.02125
41.02125
40.7382
41.7589
41.7589
43.96135
43.96135
43.9897
43.9897
44.1267
44.1267
44.1267
42.14135
42.14135
42.14135
42.14135
42.14135
42.14135
42.14135
42.14135
42.14135
42.14135
42.14135
41.88795
41.88795
41.88795
43.6007
43.2235
43.2235
43.9993
43.9993
43.9993
43.97965
43.8078
43.8078
43.8078
43.7249
43.7249
44.04385
44.04385
44.5126
44.5126
44.45605
44.45605
44.45605
44.81105
44.81105
44.33095
44.33095
44.6639
44.16285
44.16285
44.16285
44.29885
44.29885
44.1676
44.1676
44.1676
44.3148
44.3148
44.6449
44.5764
44.5764
44.5764
44.78185
44.78185
44.2311
44.2311
44.79035
44.79035
44.79035
44.0674
44.0674
43.03925
43.03925
43.5117
43.5117
43.5117
43.52285
43.52285
42.83105
42.83105
42.83105
43.68425
43.68425
43.21135
43.21135
42.676
42.676
42.11645
42.11645
42.11645
35.15895
35.15895
35.15895
35.15895
35.15895
35.15895
35.15895
35.15895
35.15895
35.15895
35.15895
35.15895
35.15895
37.93675
37.93675
36.68715
36.68715
41.44875
41.44875
40.65935
40.65935
40.65935
42.116
42.116
44.4298
44.4298
44.3939
44.3939
44.41805
44.41805
43.96115
43.96115
43.96115
43.96115
43.65725
43.65725
42.1919
42.1919
42.1919
42.1919
42.1919
42.1919
42.1919
42.1919
42.1919
42.1919
42.1919
42.1919
39.9189
39.9189
45.85015
45.85015
46.11975
46.11975
46.11975
46.4415
46.4415
46.4415
46.4042
46.4042
46.80035
46.80035
46.80035
46.56135
46.56135
46.7062
46.7062
46.7062
46.7062
47.03635
47.03635
44.9914
44.9914
44.7812
44.7812
44.64845
44.64845
44.7981
44.7981
43.668
43.668
43.668
42.19465
42.19465
42.19465
36.64235
37.82935
37.82935
37.82935
37.82935
37.82935
42.07685
42.07685
43.4172
43.4172
43.4172
43.23535
43.23535
44.08285
44.08285
44.23425
44.23425
43.5581
43.5581
43.5581
43.9342
43.9342
44.38595
44.38595
44.27465
44.27465
44.76515
44.3122
44.3122
44.3122
44.49475
44.49475
44.8673
45.1058
45.1058
45.1058
44.1329
44.1329
44.57095
44.57095
44.5499
44.5499
44.69015
44.69015
44.1791
44.1791
44.1791
44.38545
44.32225
44.32225
44.32225
44.32225
44.04825
44.04825
43.5711
43.5711
42.645
42.645
43.2451
43.2451
42.3664
42.3664
41.5764
41.5764
41.5764
41.9996
41.64735
41.64735
42.18505
42.18505
42.18505
41.59165
41.59165
41.53785
41.53785
41.53785
41.75295
41.75295
42.4659
42.4659
44.01635
44.01635
44.0324
44.0324
44.0324
44.7074
44.7074
44.74585
44.74585
44.1868
44.1868
44.1214
44.1214
43.47295
43.47295
43.47295
43.47295
43.69675
43.69675
44.52995
44.52995
43.36725
43.36725
43.36725
43.36725
43.36725
43.36725
43.36725
43.36725
43.36725
43.36725
43.36725
40.87785
40.87785
43.48255
43.48255
45.14055
44.87855
44.2566
44.2566
44.9508
44.97715
44.97715
44.91905
44.91905
44.91905
44.5378
44.59055
44.59055
44.7578
45.94935
45.94935
43.85885
43.69685
43.69685
43.63135
43.63135
44.3434
44.3434
43.1063
43.1063
44.67155
44.67155
44.91145
43.83625
43.83625
44.20225
43.40885
43.40885
44.93715
44.93715
43.965
43.965
44.7941
44.34585
44.4162
44.4162
44.22115
44.22115
44.34415
44.34415
44.50875
44.26615
44.26615
43.7346
43.7346
43.7346
43.8024
43.8024
43.6711
43.6711
44.11215
44.11215
43.80385
43.80385
44.8194
44.50165
44.50165
44.50165
44.8566
44.8566
44.43645
44.43645
44.45225
44.7915
44.7915
44.822
45.06235
45.06235
43.8825
43.8825
42.177
42.177
42.3147
42.664
42.664
42.43225
42.43225
42.49405
42.49405
42.2672
42.2653
42.2653
43.09845
43.09845
43.09845
43.3009
43.3009
43.71325
43.37655
43.37655
43.12615
43.12615
43.04165
42.32805
42.32805
42.32805
42.74525
42.74525
42.64015
42.6639
42.6639
42.3419
42.3419
42.6539
42.6539
43.3653
43.3653
43.5469
43.5469
43.9029
43.9029
43.58865
43.58865
43.58865
44.10575
44.10575
44.10575
44.0958
44.0958
44.0958
43.99895
43.99895
45.06805
45.06805
44.70725
44.70725
45.001
45.001
45.001
45.001
44.53855
44.53855
44.57595
44.57595
44.29595
44.29595
44.38265
44.61555
44.61555
44.56775
44.56775
44.56775
44.6723
44.6723
44.7148
44.7148
43.42015
43.42015
43.74675
43.74675
44.10325
44.10325
44.10325
44.1082
44.1082
43.7262
44.16095
44.16095
44.03595
44.03595
44.0527
44.0527
44.0527
44.0597
44.0597
44.0535
44.0535
43.40885
43.40885
44.61515
43.50235
43.50235
43.30305
43.30305
43.30305
43.3418
44.40985
44.40985
44.8765
44.8765
44.8765
45.131
45.131
45.27925
45.27925
44.39365
44.39365
44.76455
44.76455
44.4988
44.4988
45.711
45.711
45.711
44.87365
44.87365
45.2527
45.2527
45.79575
45.79575
44.75315
44.75315
44.89065
44.89065
44.9775
44.9775
44.85635
44.24795
44.24795
44.84805
44.84805
44.84805
45.8853
45.8853
45.6773
45.6773
45.9193
45.9193
45.68045
45.68045
46.147
46.147
46.58185
46.58185
46.58185
46.28
45.96635
45.96635
40.42035
40.42035
42.70765
42.70765
42.11835
42.1866
42.1866
42.1866
42.1866
41.4915
38.4865
38.4865
38.4865
38.4865
38.4865
38.4865
38.4865
38.4865
38.4865
38.4865
38.4865
38.4865
38.4865
38.4865
38.4865
40.28905
40.28905
39.1214
41.55795
41.55795
41.55795
41.55795
41.55795
39.21115
39.21115
41.5635
41.5635
39.68015
39.68015
40.1964
40.1964
41.03275
41.4654
41.4654
41.90055
41.90055
42.0963
42.0963
40.5888
39.17935
39.17935
39.1603
39.1603
37.3405
37.3405
37.3405
38.6971
38.6971
45.4554
45.01835
45.01835
43.3053
43.3053
43.3053
43.3053
43.3053
43.3053
43.3053
43.3053
43.3053
43.3053
43.3053
41.9851
41.9851
42.54785
42.54785
42.54785
43.29145
43.95445
43.95445
44.0479
44.0479
45.1343
45.1343
44.6128
44.6128
44.9329
44.6911
44.6911
44.42555
44.42555
44.8204
44.5174
44.5174
44.5174
44.62455
44.62455
44.21955
44.21955
23.08835
23.08835
23.08835
23.08835
23.08835
23.08835
23.08835
23.08835
38.17845
38.17845
43.45695
43.45695
43.9713
43.9713
43.9665
43.9665
42.6836
41.51945
41.51945
41.5574
41.5574
41.7717
41.7717
40.45875
40.45875
41.91885
34.2731
34.2731
34.2731
34.2731
34.2731
34.2731
34.2731
34.2731
34.2731
34.2731
34.2731
34.2731
35.66135
36.0465
36.0465
37.2277
37.2277
39.71625
39.71625
38.74245
38.74245
42.9151
43.0688
43.0688
44.8179
44.8179
44.35725
44.35725
43.73645
43.73645
44.373
43.8465
43.8465
44.3839
44.3839
44.3839
43.68965
44.19255
44.19255
43.6055
43.6055
43.23325
43.45835
43.45835
44.7786
44.7786
44.7786
44.1318
44.3222
44.3222
45.22465
45.22465
44.9508
44.9508
43.838
43.838
43.838
44.7333
44.7333
44.758
44.758
44.6953
44.6953
45.67795
45.67795
45.67795
45.32395
45.4288
45.4288
44.52505
45.269
45.00855
45.00855
45.22345
45.22345
45.22345
45.10335
45.10335
45.14865
45.14865
43.7996
43.7996
44.99035
44.99035
45.21735
45.7678
45.7678
45.523
45.523
44.11075
44.11075
44.75935
44.75935
44.75935
44.75935
44.44885
44.44885
44.88685
44.88685
44.64395
44.2332
44.2332
44.63135
44.63135
44.40565
44.40565
44.42205
44.42205
43.81245
43.81245
44.2015
44.2015
34.1478
34.1478
34.1478
34.1478
34.1478
34.1478
34.1478
34.1478
38.8017
38.8017
44.10745
44.10745
43.1117
43.1117
43.1117
43.76895
43.76895
43.76895
44.2057
44.2057
44.09305
44.09305
44.20455
44.20455
44.0867
44.0867
44.82165
44.82165
44.82165
44.8048
44.8048
44.5701
44.5701
42.5028
42.5028
44.0006
44.0006
42.09175
42.09175
42.2697
42.2697
43.4957
43.4957
41.98295
41.98295
41.98295
43.67765
43.67765
43.13685
43.13685
43.13685
44.85875
44.85875
42.0974
42.0974
42.38555
42.38555
42.38555
41.2531
41.2531
42.25935
42.25935
42.25935
39.69635
38.6589
38.6589
39.5775
39.5775
39.96525
39.96525
41.12595
41.12595
42.7383
42.7383
42.7383
42.9361
43.45605
43.45605
43.2229
43.2229
43.89825
43.89825
41.9081
41.9081
41.0534
41.0534
41.0534
41.0534
41.0534
41.0534
41.0534
41.0534
41.0534
41.0534
41.0534
37.3853
43.52945
43.52945
44.8616
44.8616
44.05915
44.05915
45.4239
45.4239
45.4239
44.7812
45.33465
45.49995
45.49995
45.49995
44.9011
44.9011
45.2132
45.2132
45.21925
45.21925
43.1903
43.1903
43.3506
43.3506
42.64105
42.64105
41.2718
41.2718
42.0433
42.0433
40.9589
39.6952
39.6952
33.4315
33.4315
33.4315
33.4315
33.4315
33.4315
33.4315
33.4315
33.4315
31.6223
31.6223
31.6223
31.6223
39.1291
39.1026
39.1026
40.0156
40.0156
38.0115
43.37865
43.65785
43.65785
43.8741
43.62685
43.62685
43.62685
44.07485
44.2186
44.2186
44.3405
44.3405
43.99125
43.99125
43.9959
44.4754
44.4754
43.50365
43.2876
43.2876
43.6871
43.7225
43.7225
44.3029
43.65275
44.2503
44.2503
43.46335
44.09005
44.09005
44.09005
44.8712
43.9594
40.85495
40.85495
42.1807
41.1764
42.2334
42.2334
42.38455
42.38455
42.8196
42.4487
42.4487
42.35985
41.8486
43.82395
43.82395
44.2128
44.62695
44.37375
44.37375
44.37375
43.01835
43.5278
43.5278
43.917
43.917
44.61205
44.92805
44.92805
44.35745
44.35745
44.5955
44.5955
44.29795
44.29795
45.4142
45.4142
44.61115
44.61115
44.8261
44.8261
45.0255
44.13
44.13
44.4614
44.4614
44.0791
44.0791
44.0791
44.52955
42.9087
42.9087
42.1301
42.1301
38.74205
38.74205
38.74205
38.74205
38.74205
38.74205
38.74205
38.74205
38.74205
38.74205
38.74205
30.5959
30.5959
40.37115
40.3039
39.94945
39.88365
39.88365
39.73665
39.91965
39.91965
40.0534
40.1379
39.931
40.06885
40.06885
40.06885
38.35715
38.61715
39.21905
39.21905
39.3812
40.8963
40.75985
41.02525
41.42025
41.6545
41.10565
41.3214
41.23425
41.87835
42.54615
42.41945
42.4817
42.75705
42.81995
43.22255
43.2188
43.2188
43.5682
43.7931
43.4999
43.78915
43.9821
43.86675
43.90935
43.85
43.44165
44.46765
44.2501
44.2501
44.70355
45.02755
45.04815
44.80455
44.80455
41.5595
41.5595
41.5595
32.7852
40.09235
40.319
40.97465
41.1417
41.2092
41.01245
40.75875
40.75875
40.70195
41.1291
41.1889
41.14095
40.30885
42.0089
42.3617
41.9266
41.2642
41.48245
44.1004
43.4001
43.4001
43.4886
43.2463
43.4202
42.82635
42.82635
41.41445
41.41445
41.41445
41.41445
41.41445
37.3905
41.64885
41.64885
42.5744
42.53115
42.0348
42.69705
42.69705
42.7776
43.14915
41.8444
42.0635
41.6544
41.6721
40.45235
40.30855
40.0425
39.0238
39.072
40.33765
39.8281
40.0384
40.3721
40.3353
40.81265
40.8246
41.286
40.7424
40.43575
39.23685
33.13235
33.13235
33.13235
33.13235
33.13235
35.7098
38.38175
38.67675
39.0354
39.4912
39.41945
39.75315
39.94825
40.4545
40.81515
39.5062
39.5062
40.18695
40.41345
41.05285
40.94665
40.88345
41.22625
39.7312
40.2113
39.4205
39.8045
40.7951
40.8157
40.63145
41.12085
41.03105
42.1286
42.3927
42.3984
42.86845
43.0215
42.65745
43.18125
43.18125
43.02355
43.02355
42.67005
42.80065
42.80065
42.80065
42.74935
42.74935
42.46855
42.46855
42.4425
43.06285
43.06285
42.8352
43.44865
43.44865
43.0913
43.0913
43.0913
42.6131
43.6211
43.6211
44.224
44.11365
44.11365
44.36295
44.36295
44.5865
44.5865
44.47115
44.75715
44.75715
45.13685
45.13685
45.1257
45.1257
44.77035
44.77035
43.72275
43.9122
43.9122
43.8699
43.89025
43.89025
43.89025
43.73275
43.52325
43.52325
44.24085
43.64935
43.64935
44.105
44.43475
44.43475
44.43475
43.36405
39.6471
39.6471
39.6471
39.6471
39.6471
39.6471
39.6471
40.74165
40.74165
42.6081
42.7363
43.79315
43.79315
43.59775
43.6262
43.6262
43.4801
43.4801
42.4196
37.6259
37.6259
37.6259
37.6259
37.6259
37.6259
37.6259
37.82755
37.82755
37.82755
42.4355
42.4355
43.15275
43.15275
42.89865
44.55465
44.55465
44.64275
44.64275
44.64275
45.57875
44.96175
44.96175
45.58955
45.6014
45.6014
45.28175
45.4591
45.4591
45.4591
42.35395
42.0667
42.0667
41.88235
41.1811
41.1811
41.6019
41.67415
41.67415
42.6243
42.6243
41.93195
42.13095
42.13095
42.9115
42.9115
43.8741
44.6479
44.6479
44.1977
44.46065
43.77925
43.91095
43.91095
43.91095
44.51535
43.95845
43.95845
44.7035
44.37215
44.37215
44.83885
44.83885
44.44545
44.44545
44.78935
43.8843
44.25105
44.25105
44.0836
44.78045
44.78045
45.1477
45.1477
44.5075
44.5075
44.59365
44.0393
44.18295
44.18295
43.69845
43.76405
43.713
43.713
43.8481
43.7983
43.2898
43.753
43.753
43.4694
44.28965
43.0372
43.49605
43.74215
43.74215
44.34095
43.2645
43.6779
42.6937
43.51135
43.51135
43.58265
43.26015
43.5306
43.5306
42.48645
40.63405
40.63405
40.63405
40.63405
40.63405
40.63405
36.98435
36.98435
36.98435
43.8466
44.67855
44.67855
44.65525
44.65525
44.7916
45.036
45.036
45.2604
45.2604
45.12555
45.12555
45.4326
44.87175
44.69305
44.69305
42.0123
42.0123
42.18785
42.18785
42.42465
42.42465
41.03325
41.03325
42.02355
39.46235
39.46235
39.46235
39.2883
39.2883
39.8055
39.4976
39.4976
39.0739
39.0739
41.79765
41.79765
40.8552
40.8552
40.9051
40.2578
39.31475
39.31475
39.0242
38.8327
36.77525
36.77525
36.77525
36.77525
36.77525
36.77525
31.49515
36.29585
36.29585
37.1398
37.86295
37.8671
38.0453
38.0453
38.28795
38.28795
38.3752
39.0349
40.73955
40.8637
40.8637
41.26555
41.26555
41.1738
41.65315
41.66845
42.02175
41.98775
41.98775
42.3343
42.5629
41.9195
41.9195
41.8816
41.65275
41.2863
26.8209
26.8209
26.8209
26.8209
26.8209
26.8209
34.1162
34.1162
41.9675
42.32795
42.9028
42.9028
42.9988
43.20545
43.18145
43.18145
43.36585
43.36585
43.5514
43.5096
42.4056
42.9557
42.9587
42.9587
42.7538
42.7538
42.919
43.3865
43.0766
42.79295
43.27425
43.27425
42.44675
42.7807
42.80695
42.80695
42.45225
42.45225
42.56045
42.56045
42.74555
42.49
42.49
42.86895
42.4151
42.4151
42.4282
42.49245
42.49245
42.65415
42.62625
43.07865
43.07865
43.43875
43.43875
42.98335
43.772
43.06405
43.69915
43.69915
43.72355
43.72355
43.79735
43.459
43.459
43.1455
42.4369
41.6196
41.6196
41.6196
41.3456
41.3456
38.17915
38.17915
38.17915
38.17915
38.17915
34.975
35.1702
35.1702
35.1702
39.78185
39.56665
39.56665
39.6023
39.6023
39.5427
39.5427
39.55815
39.55815
39.30885
39.30885
39.7191
39.77175
39.77175
40.21145
40.21145
40.21145
40.7978
40.7978
40.07895
40.10055
40.10055
40.24955
40.24955
40.7861
40.7861
41.04865
41.04865
41.1721
41.1721
41.1808
41.2272
41.2272
41.7377
41.7377
41.64895
41.64895
41.8902
41.8902
40.5794
40.5794
41.2075
41.2075
41.61085
41.61085
43.1449
43.3199
43.3199
43.6073
43.6073
44.20055
44.0861
44.0861
44.47425
44.47425
44.47425
42.0656
42.07915
42.79775
42.79775
42.19675
42.19675
43.0618
43.0618
42.90715
42.90715
42.0087
42.74825
42.74825
43.1454
43.1454
43.17935
43.17935
43.73385
43.73385
42.6425
43.12205
43.12205
43.21015
42.6915
42.6915
43.75
43.75
43.82075
42.6494
42.6494
42.79005
43.26445
43.26445
43.0182
43.0182
42.8059
43.2389
43.2389
42.34085
42.34085
42.2388
42.2388
42.6024
42.97695
42.97695
42.8914
43.288
43.288
42.65855
42.65855
42.65855
43.46835
43.0762
43.0762
43.6736
43.9047
43.9047
42.9756
44.0966
44.0966
44.0966
44.3167
44.55175
44.55175
44.3965
44.3965
44.21665
44.21665
44.0845
44.0845
43.6425
43.4561
43.4561
42.759
42.759
44.4416
44.4416
44.4416
43.61985
44.3191
44.3191
44.34765
43.7823
43.7823
44.2838
44.2838
45.51145
45.51145
45.5418
44.3392
44.3392
44.81785
44.81785
44.3315
44.3315
45.32995
45.32995
45.67075
45.3104
45.3104
45.1056
45.1056
45.69705
45.69705
45.69705
41.1395
43.14845
43.14845
40.3596
40.3596
40.22085
41.53215
41.53215
41.94785
41.94785
41.94785
42.33915
42.03995
42.7066
42.7066
42.7066
42.86635
45.4032
45.4032
45.11425
45.11425
45.72475
45.72475
44.6602
38.80685
38.80685
38.80685
38.80685
38.80685
38.80685
27.35105
27.35105
39.6359
39.6359
42.02675
43.89945
43.89945
44.76195
44.76195
44.76195
44.19465
44.39795
44.39795
44.89495
44.89495
44.4718
44.5309
45.4222
45.2293
45.2293
44.90635
44.26525
44.26525
45.04905
44.4063
43.3689
43.4083
43.4083
44.2338
44.2338
44.2983
43.9515
44.3946
44.3946
44.23625
43.31595
43.66435
43.66435
42.3914
42.79065
43.56325
43.56325
42.72925
42.72925
43.0059
42.12235
43.2169
44.37315
44.11455
44.37825
43.87715
43.87715
44.30285
44.2474
44.07175
44.07175
44.17805
44.17805
43.61695
43.61695
45.41065
45.41065
43.56115
43.56115
43.56115
43.1883
42.8824
42.8824
44.88625
44.88625
44.8
44.8
44.6451
44.6451
44.6451
44.5531
44.5531
44.4823
43.1928
43.1928
42.6109
42.6109
19.7699
19.7699
19.7699
19.7699
19.7699
38.3284
38.8805
38.8805
38.90185
38.90185
38.2014
38.2014
36.3413
36.3413
29.18245
29.18245
29.18245
29.18245
29.18245
29.18245
29.18245
29.18245
29.18245
29.18245
29.18245
29.18245
29.18245
29.18245
29.18245
29.18245
29.18245
29.18245
29.18245
29.18245
29.18245
29.18245
41.1941
41.1941
41.1941
41.1941
41.1941
41.1941
41.1941
41.1941
22.0502
37.93405
37.93405
38.85155
38.85155
38.85155
39.043
39.043
39.17275
37.29015
37.29015
36.122
36.122
35.51915
35.51915
35.4765
35.4765
35.4765
35.3355
35.3355
35.4136
34.9297
34.9297
34.6713
34.6713
34.10655
34.10655
33.7974
33.7974
33.249
33.249
34.656
34.656
33.78955
33.78955
33.4828
33.4828
33.1185
33.1185
33.1829
33.1829
32.98245
32.98245
32.83075
32.83075
32.20375
32.20375
32.20375
32.2504
32.2504
32.3062
32.3062
32.12605
31.864
31.864
32.2002
32.2002
31.3785
31.3785
31.128
31.2718
31.2718
31.02105
31.02105
31.02105
31.06955
30.68345
30.68345
30.68345
30.9478
30.9478
30.54
30.718
30.718
30.17915
30.17915
30.17915
30.01655
30.01655
29.77555
29.4737
29.4737
29.43495
29.43495
29.4996
29.4996
29.30035
29.30035
29.30035
29.0021
29.0787
29.0787
29.1545
28.98845
28.98845
28.9687
28.9687
28.78565
28.78565
28.99025
28.99025
28.54295
28.54295
28.40285
28.40285
28.5263
28.5263
28.5263
28.06495
28.5857
28.5857
28.5314
28.5314
28.84755
28.84755
29.19275
29.19275
29.6382
29.6382
29.6382
29.9506
30.07015
30.3345
30.3345
30.3345
30.7235
30.52725
30.52725
30.52725
30.6965
30.56275
30.56275
30.53775
30.53775
30.8605
30.8605
30.8605
30.39165
30.45695
30.45695
30.4281
30.4281
30.6006
30.6006
30.54795
30.7021
30.7021
30.7021
30.8837
30.8837
30.62535
30.8061
30.8061
30.8061
30.9533
30.9533
31.01295
31.2171
31.2171
31.2171
31.21355
31.5993
31.5993
31.61475
31.61475
31.61475
31.4499
31.4499
31.7489
31.9709
31.9709
33.8216
33.8216
34.0827
34.2316
34.2316
34.2316
35.46665
35.46665
36.0053
36.0053
35.6575
35.6575
35.77635
35.8911
35.8911
35.08685
35.08685
35.08685
35.42065
36.1876
36.1876
36.3115
36.3115
36.2576
36.2576
37.50445
37.50445
37.26945
37.26945
37.55895
38.8735
38.8735
38.49435
38.49435
36.5467
36.5467
37.1186
37.6687
37.6687
37.74315
37.74315
38.14545
38.6147
38.6147
38.6147
39.2898
39.32715
39.32715
38.37315
38.37315
39.102
39.102
39.32535
39.32535
39.6159
39.6159
39.66945
40.14605
40.14605
40.40875
40.40875
40.40875
40.44695
40.5304
40.5304
40.9516
40.9516
41.22245
41.47365
41.47365
40.6553
40.6553
40.4787
40.4787
40.7216
40.9095
40.9095
41.07205
41.07205
41.05025
41.05025
40.925
40.925
41.2142
41.2142
41.38025
41.41655
41.41655
41.41655
40.5921
40.5921
40.79045
40.79045
40.4656
35.8301
35.8301
35.8301
35.8301
35.8301
35.8301
21.7516
21.7516
37.8546
39.1332
39.1332
39.6678
40.9953
40.9953
41.0158
41.0158
41.2621
41.2621
41.4617
41.4617
41.5267
41.5267
41.26595
41.26595
41.26595
41.67455
41.2596
41.2596
41.26185
41.26185
41.5283
41.09915
41.09915
41.09915
41.1356
41.1356
41.70035
41.3998
41.57535
41.57535
41.64305
41.64305
41.6537
41.6537
41.5121
41.5121
41.5129
41.47965
41.47965
41.09445
41.09445
41.2268
41.2268
41.2268
41.38775
40.81065
40.81065
40.8109
40.82675
40.82675
40.82675
40.94945
40.94945
40.6376
40.6376
40.8065
40.8065
40.80505
41.03885
41.03885
40.9435
40.9435
41.2779
41.2779
41.2779
41.10605
41.62145
42.0849
42.0849
42.0849
42.47125
42.47125
42.55605
42.6903
42.6903
42.91825
42.91825
42.3672
42.4651
42.4651
42.4651
42.46145
42.46145
42.81855
42.81855
42.8572
42.8572
42.87665
43.02745
43.02745
43.02745
43.1254
43.1254
42.91755
43.148
43.148
41.0446
41.0446
41.57215
41.57215
41.3741
41.3741
41.55285
41.55285
41.25975
41.25975
42.2549
42.12705
42.12705
42.12705
41.93075
40.78505
40.78505
42.0537
42.0537
43.16215
43.16215
43.32545
42.34085
42.34085
42.34085
42.48885
42.48885
42.3819
42.6933
42.6933
42.236
42.236
42.66745
42.9188
42.9188
42.9188
42.6771
41.48985
41.48985
40.93275
40.93275
40.93275
41.43545
41.43545
41.66305
41.66305
41.2005
41.51675
41.51675
40.7908
40.7908
40.81145
40.81145
40.81145
39.7819
39.8711
39.8711
41.17055
41.17055
40.4716
40.27725
40.27725
40.19075
40.19075
40.19075
39.4635
39.1882
39.1882
38.9135
38.9135
38.7081
38.7081
38.7081
38.2133
38.2133
37.77335
38.85515
38.85515
38.46495
38.46495
38.2511
38.2511
37.85955
37.7785
37.7785
37.15575
37.15575
37.2415
37.2415
37.3916
37.3916
37.3916
36.9907
38.1605
38.1605
38.0611
38.0611
38.43605
38.43605
38.358
38.358
38.2142
38.2142
38.92625
38.92625
38.8673
39.4008
39.4008
39.4008
39.64175
39.64175
40.32895
40.32895
39.1231
39.1231
39.1534
39.6687
39.6687
39.9605
39.9605
39.9605
40.11275
40.82325
40.82325
40.98925
40.98925
40.58725
40.7111
40.7111
40.7111
40.6597
40.1182
40.1182
40.4521
40.4521
40.35475
40.35475
40.35475
40.0051
40.4346
40.4346
40.15395
40.15395
40.3169
40.3169
40.3257
40.14635
40.14635
40.14635
39.80785
39.80785
39.9305
39.9305
40.0509
40.01905
40.01905
39.91195
39.91195
38.98015
38.98015
38.95885
38.95885
38.65185
38.1655
38.1655
37.9615
37.9615
37.9615
37.7315
37.7315
39.10335
39.10335
39.2618
39.40575
39.40575
39.3785
39.3785
39.45795
39.45795
39.45795
39.6682
39.59035
39.59035
39.48165
39.48165
39.12095
39.12095
38.70245
38.78075
38.78075
37.9229
37.9229
37.71725
37.71725
37.4005
37.4005
37.43445
37.43445
37.43445
37.15635
37.37505
37.37505
37.62395
37.62395
37.5192
37.27205
34.74115
36.30735
36.30735
38.1461
38.1461
39.4419
39.96485
39.96485
39.96485
40.56315
40.77905
40.77905
40.6309
40.6309
40.78845
40.78845
38.3395
38.3395
38.3786
38.9634
38.9634
38.8838
38.8838
39.1486
39.1486
39.66375
39.66375
39.83485
39.83485
40.03685
40.37605
40.37605
40.6248
39.9966
39.9966
39.9966
40.1563
40.43795
40.43795
40.93525
40.93525
41.2328
41.2328
40.7804
41.1689
41.1689
41.08325
41.08325
41.62085
41.62085
41.295
41.295
40.702
40.702
40.8429
40.98905
40.98905
41.2166
41.2166
40.03945
40.03945
39.4325
39.4325
39.97975
39.97975
39.7958
40.5827
40.5827
40.2596
40.2596
40.7616
40.7616
41.04605
41.04605
40.47465
40.47465
41.19975
40.77465
40.77465
40.77465
40.7209
40.7209
41.1275
41.1275
41.5652
40.76795
40.76795
40.173
40.173
41.1525
41.1525
41.324
41.324
41.4411
41.4411
41.33085
41.64415
41.64415
41.5641
41.5641
41.3818
41.3818
41.86175
41.86175
41.4826
41.0977
41.0977
41.0977
41.091
41.091
40.92505
40.92505
41.13095
41.5789
41.5789
41.3271
41.3271
41.5377
41.5377
41.5377
41.13975
42.0338
42.0338
41.7658
41.7658
41.38
43.0894
43.0894
43.13745
43.13745
43.13745
43.1789
42.8894
42.8894
42.1243
42.1243
42.1243
42.1243
42.1243
42.1243
42.1243
42.1243
32.07555
32.07555
40.1211
40.1211
42.3577
42.3577
42.2381
42.2381
43.11035
43.11035
43.0953
43.0953
43.2774
43.37725
43.37725
43.8586
43.8586
43.8586
43.8797
44.1014
44.1014
44.31425
44.31425
42.2592
42.2592
43.08195
43.08195
42.6371
42.6371
42.3466
42.3466
42.8466
42.8466
42.95195
43.2542
43.2542
43.2542
42.57595
42.57595
40.5926
40.5926
40.5926
40.5926
40.5926
40.5926
40.5926
40.5926
40.5926
40.5926
40.5926
23.09745
36.49435
36.49435
39.97405
39.97405
41.4263
41.6107
41.6107
41.6107
40.98885
42.15305
42.15305
42.8019
42.8019
42.68075
42.68075
42.68075
43.0996
43.0996
42.99475
43.55525
43.55525
43.55525
43.56425
43.45675
43.45675
43.45675
42.96475
43.6834
43.6834
43.07705
43.07705
43.15855
43.15855
43.28055
43.28055
42.371
42.371
42.5902
42.5902
42.6595
42.58165
42.58165
42.58165
42.7605
42.7605
43.0172
43.0172
42.25665
42.25665
42.661
42.661
42.29295
42.29295
42.6121
42.6121
42.6121
43.0023
42.1189
42.1189
42.4938
42.4938
42.2871
42.2871
42.19325
42.19325
42.58715
42.58715
41.9979
41.9979
42.19595
